0 0 0 0 0 0 0 0 0 0 0 0 0 0 0 0 0 0 0 0 0 0 0 0 0 0 0 0 0 0 0 0 0 0 0 0 0 0 0 0 0 0 0 0 0 0 0 0 0 0 0 0 0 0 0 0 0 0 0 0 0 0 0 0 0 0 0 0 0 0 0 0 0 0 0 0 0 0 0 0 0 0 0 0 0 0 0 0 0 0 0 0 0 0 0 0 0 0 0 0 0 0 0 0 0 0 0 0 0 0 0 0 0 0 0 0 0 0 0 0 0 0 0 0 0 0 0 0 0 0 0 0 0 0 0 0 0 0 0 0 0 0 0 0 0 0 0 0 0 0 0 0 0 0 0 0 0 0 0 0 0
0 999 2.48713 4.73144 10.0791 10.434 6.1287 10.0924 2.74046 8.69309 8.87687 5.78778 6.6829 0.662118 6.0303 10.1427 4.58486 14.2568 1.45602 11.8187 13.8039 7.35126 10.353 13.3005 12.1623 10.2294 10.5878 15.3376 4.75657 2.91204 11.5185 1.43028 3.27867 2.23897 13.1378 4.04501 13.0002 6.94223 14.3622 3.23348 0.368782 14.8884 7.64823 0.416173 8.78101 2.28548 1.00499 5.82591 5.23867 14.5506 15.4786 10.4639 11.051 10.7393 1.51605 6.6491 12.5174 5.77094 11.7218 6.96363 10.5165 3.36933 13.8231 13.3664 12.5292 3.09317 9.27019 10.2594 9.19235 9.35327 12.6826 14.6242 8.94095 6.35979 10.1129 14.2513 0.610328 9.69821 9.34933 14.4331 6.9819 8.61332 11.8346 3.96138 14.7594 2.57701 2.81952 10.0643 11.4161 7.82538 1.77282 13.7386 8.57113 4.53819 10.3023 4.20577 6.99889 11.1365 6.65977 3.33318 4.83198 9.7709 3.08623 7.54142 9.40556 3.04258 10.9033 10.5116 4.01075 11.829 2.13588 2.7912 2.38902 12.2492 3.09763 7.3839 2.21576 13.4584 3.36043 3.48129 12.826 2.35919 8.22716 4.0586 12.2855 7.9805 0.962549 12.7225 9.02118 14.2004 13.318 3.17077 2.19009 2.52414 11.4327 15.0731 10.6888 2.0096 6.33107 4.82498 13.428 11.0993 9.16526 12.9933 1.40161 10.7493 1.6059 2.77795 10.5198 4.94047 5.82341 3.3448 11.6814 5.90588 4.07084 12.4765 6.78139 11.7769 14.0821 2.02408 10.7341
0 2.48713 999 2.34258 7.66904 8.12074 4.97948 7.78718 2.94878 6.20819 6.9645 3.31798 5.1971 2.98881 5.63724 7.66662 3.4346 11.9918 2.00145 9.33777 11.5985 5.35869 8.65603 10.8753 10.238 8.35029 8.50864 12.8516 2.27059 1.94941 9.55775 1.4417 0.829759 2.89337 10.713 2.28064 10.6999 5.15171 11.9922 2.78539 2.8036 12.8613 5.19172 2.08734 6.30607 0.349857 3.07587 4.15271 2.95833 12.0728 12.9954 8.47555 8.74967 8.98907 1.9451 4.3885 10.1234 4.44055 9.2556 4.56215 8.19527 2.44806 11.4451 10.9562 10.0423 0.838153 6.98711 7.93166 7.18318 7.33973 10.2063 12.301 6.94879 6.594 7.65046 11.8578 1.91857 7.33001 6.86226 11.9516 4.70307 6.17681 9.57549 4.21475 12.2776 4.92057 4.83141 7.60345 9.03374 5.41942 4.21318 11.2661 6.31497 2.36647 8.04419 1.99602 5.43007 9.16596 4.1814 3.32074 4.42296 7.81799 1.21103 5.87292 7.80654 2.90931 8.64549 8.12798 2.28397 9.48211 3.91778 4.7196 2.4084 9.78002 1.86336 5.08915 0.50774 10.994 5.69731 3.24746 10.5882 2.06959 6.25966 4.91048 9.85615 5.97925 3.24569 10.2354 6.53539 11.7146 10.8967 1.16 4.62654 3.08423 9.5365 12.5898 8.21716 1.92627 4.15491 4.49589 10.969 8.63696 6.98417 10.5695 1.1245 8.31405 3.75192 0.989545 8.13384 5.28186 4.85049 2.01259 9.52806 4.11364 1.66244 9.9986 5.67659 9.54855 11.7203 4.21171 8.30046
0 4.73144 2.34258 999 5.34964 5.77914 5.78215 5.44683 5.02641 4.23019 4.88845 1.82486 5.58162 5.29181 7.00179 5.46883 4.56975 9.65486 4.3177 7.15671 9.27835 4.95016 6.71867 8.56918 8.08309 6.26281 6.2677 10.7028 0.829759 2.65377 7.38535 3.40993 1.82937 4.25823 8.40649 3.18729 8.35853 3.32605 9.65599 4.60822 5.07576 10.6202 2.94437 4.36111 4.43091 2.65588 5.41059 2.6537 2.50667 9.86712 10.9536 6.29883 6.4091 6.99521 3.7052 3.55373 7.7955 5.14884 7.01617 2.23403 5.85301 4.08633 9.11112 8.63808 7.92495 2.24802 4.65296 5.58917 5.01597 5.16531 7.99878 9.95844 4.80208 8.28349 5.81189 9.53035 4.12689 4.991 4.80817 9.92977 3.75769 4.52651 7.24249 4.82303 10.0925 6.93462 6.6027 5.77443 6.70022 3.95702 6.49717 9.04155 5.22805 2.5205 5.71466 2.31603 3.83885 6.9918 2.06073 4.014 5.9357 5.68191 2.73029 4.11647 5.9943 4.85774 6.31457 6.58001 1.6772 7.14057 6.2516 6.44485 4.52832 7.86202 2.36212 2.75944 2.79594 9.086 7.67366 3.78038 8.25952 4.16784 4.15935 7.00246 7.55414 5.46996 5.56232 8.13039 4.53134 9.6473 8.58711 1.65109 6.74212 4.3085 7.41223 10.4141 6.31098 3.38541 3.59068 4.49392 8.70982 6.38881 4.69622 8.26207 3.45071 6.01895 6.09001 2.79308 5.80118 7.12849 5.84661 2.24089 7.23644 4.29163 1.68505 7.79862 4.59025 7.22497 9.38192 6.55001 6.00351
0 10.0791 7.66904 5.34964 999 1.20702 9.2187 1.19507 10.0187 2.73659 3.78292 4.88321 8.49301 10.6402 10.9431 1.36781 8.7346 4.65354 9.58001 2.41853 4.53746 6.86385 5.17054 3.22616 4.88215 4.17203 3.08754 5.76147 5.49233 7.66225 4.27766 8.72739 7.02 9.27436 3.0634 7.62875 3.30394 4.6669 4.35106 9.41223 10.4252 6.43481 2.55016 9.71074 3.10438 7.95815 10.7448 5.42761 6.1111 4.7737 6.35381 3.61865 1.65303 5.06142 8.95201 5.6837 2.46008 8.64918 1.9799 3.11578 1.16726 8.82336 3.79527 3.28868 3.35932 7.37424 1.52532 1.00688 3.27099 3.24755 3.00887 4.75954 3.3744 12.5311 3.41287 4.19144 9.47254 0.636318 2.27721 5.48695 5.51376 3.87769 2.5397 9.17524 5.05799 12.1715 11.6937 3.44061 1.40812 4.4032 11.8466 3.9169 5.57345 6.72117 1.66111 6.79854 5.33113 4.01538 3.63456 8.63122 10.2253 3.63919 7.72909 4.91859 5.324 9.74393 1.91541 4.81885 6.41461 1.97396 11.5202 11.5111 9.59615 4.19372 7.37456 2.85112 8.08451 5.18475 12.8724 8.33626 3.49448 9.24643 3.61248 11.8906 2.22252 6.92362 10.9078 3.58645 2.55828 5.06472 3.24052 6.94058 12.036 9.23486 4.60663 5.39738 3.31187 8.55762 6.13091 8.30225 3.47937 1.41241 2.25249 2.91822 8.78954 0.774661 11.4191 7.90117 0.560803 11.6893 9.52123 7.16627 3.15387 7.45156 6.46789 2.86386 6.70022 2.7074 4.09591 11.8784 0.748131
0 10.434 8.12074 5.77914 1.20702 999 10.1795 0.347131 10.6652 3.87319 3.014 5.65935 9.50618 11.03 11.8526 2.55926 9.56795 3.88913 10.0912 3.26098 3.60846 7.93829 4.11461 3.23682 3.67523 3.10466 1.93023 6.20877 6.07635 7.82387 3.07787 9.03556 7.5535 9.38264 3.08709 8.37955 2.5794 4.33761 3.97344 10.1128 10.792 5.34948 3.30968 10.0901 4.26283 8.43431 11.1768 5.27615 6.93473 5.14176 6.97637 2.49802 0.63561 3.9538 9.19249 6.68001 2.29131 9.58902 2.69312 3.61248 0.113137 9.53353 3.46439 3.18014 4.17757 7.9391 1.18258 0.234307 2.44951 2.37876 3.60943 4.19043 2.62231 13.3993 4.61693 3.93707 9.82371 0.958019 3.46944 6.21631 6.54279 5.03414 1.53114 9.05908 5.4648 12.3574 11.7899 4.6457 1.2532 5.49459 12.2062 4.3076 6.73204 7.48258 0.526308 7.51056 4.89813 2.83132 4.36198 8.61722 11.0602 2.65108 8.34426 4.39718 4.41372 10.4238 0.731095 6.02163 6.5728 1.43136 12.029 11.5968 10.21 5.22594 7.55119 3.05041 8.57225 6.10954 13.0215 8.31685 2.55525 9.85288 3.06276 12.5879 2.41133 8.04051 11.3104 4.39396 3.72759 5.75355 3.21927 7.26333 12.2773 9.30682 3.41955 5.80269 4.48743 8.76108 7.1044 8.08412 3.76889 2.29996 1.614 2.94925 9.21868 1.61697 11.8589 8.48099 0.830542 12.4796 10.4529 7.32402 1.972 8.40459 7.10144 3.52409 6.22396 1.61719 3.67967 12.3186 1.58619
0 6.1287 4.97948 5.78215 9.2187 10.1795 999 9.9354 3.59635 6.62945 10.4161 4.70933 0.992472 6.08298 1.8409 8.44759 1.58912 13.8594 4.67386 9.72093 13.7449 2.74263 12.3286 11.8649 13.3297 11.7111 11.3686 12.6493 4.99075 6.91996 12.6201 6.08895 4.54767 7.68346 11.723 2.76978 12.5144 9.08529 13.2995 2.92027 6.17454 15.5065 6.90823 5.80091 6.39757 4.78205 5.78268 8.41272 3.45353 12.2376 12.3144 11.5774 10.7781 12.5409 6.63628 3.54227 11.4462 0.638201 9.95894 6.94496 10.2037 2.78887 12.7467 12.0671 10.0269 4.2317 9.36789 9.94694 10.3914 10.5164 10.5954 13.8594 10.2293 3.52456 7.1744 13.0144 5.94933 9.22355 7.29538 11.3 3.75293 5.74653 11.694 9.17314 12.3117 8.54471 8.94625 7.11357 10.5722 4.96811 6.96854 11.6219 4.52217 3.26181 10.36 3.50201 9.62094 12.2408 5.96041 8.28826 1.85003 11.0769 3.77023 9.87927 11.7052 3.19476 10.8807 6.72298 6.89194 11.1818 5.53962 8.91902 3.77386 9.06638 6.79636 7.83506 4.69001 10.0572 9.27979 8.22652 12.6928 3.7702 9.69635 4.17085 10.9199 3.13436 6.10463 10.1385 6.9148 11.2698 11.9189 5.90051 8.02761 7.92336 12.75 12.5455 7.79237 6.80124 3.0878 9.45572 11.574 9.4911 9.74385 11.6038 5.18348 9.53735 6.06321 4.005 9.77901 3.2698 0.47927 6.89749 12.0488 1.77505 4.16112 10.3766 10.2709 11.7961 13.1027 6.32608 9.54065
0 10.0924 7.78718 5.44683 1.19507 0.347131 9.9354 999 10.3514 3.73038 2.76342 5.37729 9.28145 10.6902 11.5912 2.56135 9.28966 4.21203 9.76158 3.43402 3.90017 7.74285 3.99431 3.56204 3.74769 2.98965 1.89644 6.48837 5.76043 7.47693 3.11451 8.69218 7.22862 9.03562 3.41001 8.08567 2.91386 4.01001 4.32057 9.80788 10.4509 5.57403 3.04133 9.75002 4.13321 8.10262 10.8398 4.93584 6.65902 5.43124 7.22327 2.42405 0.962549 3.87001 8.8467 6.45484 2.62515 9.339 2.89348 3.29607 0.445982 9.23078 3.81084 3.51528 4.36468 7.61735 0.835464 0.272029 2.2107 2.15676 3.84688 4.53186 2.36305 13.1259 4.58878 4.2821 9.48211 0.771038 3.3812 6.43581 6.33064 4.89866 1.82486 8.71982 5.74913 12.0104 11.4432 4.61346 1.56237 5.31507 11.8643 4.58978 6.59267 7.19236 0.487545 7.2111 4.58537 2.83381 4.07679 8.27271 10.7807 2.48622 8.02843 4.09684 4.22057 10.1153 0.946678 5.99554 6.22603 1.77789 11.6981 11.2502 9.89204 5.33971 7.20447 2.71007 8.24151 6.26918 12.6744 7.97243 2.85272 9.53428 2.76004 12.2804 2.70647 7.86817 10.9713 4.58537 3.61134 5.98191 3.54739 6.92163 11.9311 8.96022 3.42584 6.08829 4.50672 8.41457 6.87001 7.75188 4.06362 2.44534 1.30863 3.27038 8.88244 1.75 11.5222 8.1604 0.973088 12.1891 10.1993 6.97711 2.14255 8.16059 6.79018 3.74739 5.92115 1.87387 4.02672 11.9817 1.7184
0 2.74046 2.94878 5.02641 10.0187 10.6652 3.59635 10.3514 999 8.00178 9.85213 5.17557 4.33429 2.54443 3.29002 9.71002 2.25144 14.5517 1.38495 11.2811 14.2376 5.45869 11.5879 13.1077 13.0944 11.2379 11.2939 14.6309 4.59157 4.62788 12.4019 3.27567 3.19953 4.73524 12.9495 2.5318 13.2224 8.08664 14.3639 0.79404 2.69141 15.6449 7.46861 2.51676 7.95438 2.60317 2.20629 7.10144 4.11692 13.9968 14.5574 11.3153 11.3008 11.9094 3.73536 5.2634 12.4633 3.38954 11.3302 7.05539 10.7251 1.32004 13.805 13.2363 11.8354 2.77849 9.6016 10.4561 10.0266 10.1789 12.1796 14.7647 9.80351 3.79697 9.12641 14.1726 2.77705 9.79217 8.70933 13.5053 5.59759 7.56122 12.1735 6.42595 14.1496 4.97905 5.4796 9.06991 11.424 6.70537 3.37313 13.253 7.01086 3.39713 10.6688 3.24222 8.37873 12.0084 6.38418 5.64094 2.10012 10.681 2.32562 8.81803 10.7521 0.425206 11.2598 9.17048 5.22611 11.9408 2.02872 5.48318 0.544518 11.2416 4.65089 7.7446 2.44591 12.386 5.69724 5.68877 13.2001 0.882326 9.13412 1.98245 12.0921 6.05086 2.52733 11.9982 8.33538 13.3594 13.142 4.10649 4.44623 5.01366 12.4094 14.4339 9.74906 4.08512 4.82645 7.05338 13.0517 10.7515 9.71208 12.812 2.36038 10.5635 2.47407 2.23376 10.5353 2.40626 3.22025 4.85057 12.2423 3.93376 3.56553 11.9611 8.56248 12.1853 14.114 2.77218 10.5559
0 8.69309 6.20819 4.23019 2.73659 3.87319 6.62945 3.73038 8.00178 999 5.48184 2.93002 5.83721 9.15311 8.41492 1.82148 6.37672 7.27333 7.87031 3.28152 7.24278 4.15023 7.26297 5.26545 7.4632 6.35614 5.53225 6.68431 3.95338 6.87699 6.80362 7.52126 5.42137 8.48842 5.11786 5.48329 5.94378 5.39174 6.6736 7.30222 8.99748 9.1714 1.70188 8.28759 0.429535 6.4186 9.16163 5.63966 3.89185 5.99754 6.78806 5.95155 4.38552 7.28047 7.88575 3.10227 4.81785 6.10027 3.39012 2.58496 3.86161 6.71394 6.11899 5.45099 3.86855 5.67145 3.49721 3.64424 5.14806 5.20101 4.1812 7.23246 5.12372 10.0536 1.63683 6.40123 8.12481 2.95936 0.71007 5.74687 2.87696 1.1697 5.27595 8.90499 6.16169 11.0777 10.8167 1.61149 3.9911 1.69284 10.3829 5.25344 2.86252 4.60489 4.21372 4.79288 6.14606 6.48521 2.1769 8.16709 7.83302 5.72722 5.8843 5.97441 7.09541 7.66627 4.60401 2.76159 5.77707 4.62212 9.74717 10.6647 7.66292 3.63208 6.58238 3.15763 6.50945 4.85618 11.8371 7.90698 6.21364 7.34286 4.98009 9.72666 4.29773 4.18724 9.38252 4.04946 0.33541 5.50775 5.31433 5.85211 10.8244 8.53394 7.06884 6.45631 2.0837 7.60282 3.57845 8.32439 5.08422 2.87503 4.16079 4.99317 7.30381 2.92359 9.79586 6.12647 3.28466 9.35464 6.9737 6.43936 5.84472 4.90163 4.68001 3.96182 7.43452 5.44008 6.47339 10.2403 2.92971
0 8.87687 6.9645 4.88845 3.78292 3.014 10.4161 2.76342 9.85213 5.48184 999 5.73624 9.98815 9.52725 11.8193 5.01139 9.39079 5.87531 8.94197 6.16754 5.24023 8.788 1.92816 6.15652 3.29201 1.38654 1.90158 9.21739 5.53832 5.99803 2.64221 7.45107 6.67057 7.33573 6.01931 8.03197 4.89699 1.95359 6.54663 9.48815 9.24556 6.02193 4.02385 8.60976 5.90926 7.3128 9.76983 3.0835 6.96271 8.14195 9.98473 1.61199 3.32533 2.12869 7.44164 7.32255 5.18773 9.78031 5.65 3.57628 3.12605 8.97432 6.13281 6.0408 7.10623 7.09989 2.27484 3.03488 0.5728 0.685055 6.60989 6.48852 0.408534 13.1625 6.79901 6.63718 8.29094 3.15626 5.44132 9.19594 7.32547 6.56689 3.67535 6.60367 8.4701 10.3521 9.62406 6.80618 4.25089 6.65706 10.5845 7.31609 8.11666 7.25526 2.53622 7.13278 2.1879 2.26385 4.61069 6.36856 10.8038 0.903549 7.60497 1.5948 1.62003 9.72019 2.93614 8.15001 4.8764 4.23795 10.7789 9.41667 9.33043 7.95871 5.78447 2.66593 7.469 8.96723 10.925 6.07515 4.4437 8.97469 0.731095 11.8344 5.41358 9.09175 9.82599 7.32992 5.51613 8.74479 6.12474 5.87355 10.3901 7.19011 2.5756 8.80633 6.89005 6.95572 7.61717 5.50113 6.76574 5.16283 1.53101 5.89071 7.91556 4.47236 10.4422 7.63174 3.72602 12.0157 10.5653 5.53719 3.10306 8.72602 6.54701 6.51013 3.35596 3.47559 6.23777 10.8852 4.44101
0 5.78778 3.31798 1.82486 4.88321 5.65935 4.70933 5.37729 5.17557 2.93002 5.73624 999 4.25455 6.22903 6.25192 4.54744 3.91312 9.49655 4.94393 6.1606 9.26777 3.26377 7.66077 7.93221 8.62847 7.00746 6.67811 9.61275 1.18229 4.33377 7.91811 4.69294 2.50912 5.84755 7.77422 2.74563 8.15066 4.62641 9.20706 4.53681 6.08217 10.8953 2.35919 5.37792 2.99348 3.50408 6.23169 4.25361 1.29248 8.89735 9.69722 6.86951 6.28581 7.85092 5.11124 1.79547 7.30483 4.08138 6.1678 2.23808 5.70272 3.94588 8.64677 8.06403 6.79651 2.74184 4.72822 5.43549 5.68546 5.80849 7.0516 9.64274 5.52993 7.75294 4.3326 9.00349 5.23474 4.7332 3.61425 8.64931 1.95655 2.8834 7.19034 6.60709 9.0764 8.23108 8.06125 4.28585 6.29099 2.19893 7.45789 8.12428 3.40473 1.83848 5.76236 1.93373 5.27516 7.53638 1.30142 5.7675 5.40341 6.37024 2.96985 5.40387 7.11096 4.8778 6.31944 4.89418 3.49298 6.83937 6.83652 7.92669 4.79235 6.4632 4.06041 3.12621 3.58776 7.6761 9.00294 5.5539 8.21387 4.45818 5.02873 7.01172 6.91738 3.7265 6.45462 6.97929 3.26369 8.42998 7.96699 3.17921 7.94421 5.94479 8.04118 9.37683 4.90147 4.90026 1.95113 6.31877 7.89284 5.58032 5.04765 7.63705 4.39046 5.39348 6.86674 3.20091 5.41867 6.82561 4.90637 3.98418 7.42941 2.99082 1.75 6.83633 6.23626 7.25041 8.96501 7.31249 5.38697
0 6.6829 5.1971 5.58162 8.49301 9.50618 0.992472 9.28145 4.33429 5.83721 9.98815 4.25455 999 6.71932 2.80002 7.63992 2.12219 13.1043 5.25178 8.8439 13.0303 1.8005 11.9142 11.0236 12.7791 11.2383 10.8047 11.699 4.75792 7.08138 12.0735 6.44522 4.63108 8.02507 10.8855 2.91652 11.7669 8.80212 12.4794 3.59013 6.77422 14.853 6.29636 6.3238 5.5723 5.05856 6.45675 8.23519 3.10601 11.3154 11.3406 11.0551 10.088 12.096 6.99614 2.82682 10.6489 0.944934 9.11171 6.44529 9.52215 3.31892 11.9313 11.237 9.1096 4.38713 8.76633 9.27211 9.91395 10.0298 9.70745 13.0642 9.77018 4.48135 6.26171 12.1798 6.42673 8.54824 6.47864 10.3316 2.97968 4.88532 11.0017 9.40836 11.3792 9.1799 9.49552 6.20098 9.81622 4.15034 7.69003 10.7204 3.56721 3.13413 9.72323 3.44693 9.39002 11.7022 5.42654 8.51118 2.79979 10.595 4.00225 9.59297 11.3552 3.91414 10.2205 5.75001 6.87535 10.4374 6.33669 9.44923 4.41826 8.10867 6.92087 7.35326 4.99316 9.08159 9.93507 8.41571 11.9844 4.3456 9.28311 5.12104 10.0989 2.14756 6.7757 9.21354 6.10512 10.3124 11.0806 5.97804 8.68774 8.24496 12.231 11.606 6.87191 7.09578 2.42563 9.57012 10.6961 8.66914 9.19765 10.7705 5.59572 8.76002 6.80459 4.27984 9.05353 4.25763 1.46564 6.98877 11.4145 1.29468 4.08697 9.49026 10.1565 11.122 12.2933 7.10294 8.76544
0 0.662118 2.98881 5.29181 10.6402 11.03 6.08298 10.6902 2.54443 9.15311 9.52725 6.22903 6.71932 999 5.78775 10.6527 4.59818 14.8674 1.50147 12.3195 14.4262 7.53908 11.0138 13.8548 12.8148 10.8832 11.2254 15.8211 5.25092 3.57279 12.168 2.07617 3.73504 2.8327 13.6923 4.25466 13.6016 7.59653 14.9425 3.16319 0.31241 15.5344 8.17955 0.940851 9.21805 2.7404 0.423792 6.48275 5.57248 15.0568 15.9253 11.1103 11.6507 11.3989 2.17568 6.95288 13.0872 5.78623 12.2442 7.52549 11.1104 3.41157 14.4001 13.9289 13.0074 3.49407 9.87245 10.8512 9.83549 9.99622 13.1916 15.2202 9.58526 5.95796 10.5289 14.822 1.23762 10.2764 9.82228 14.8762 7.29036 9.00695 12.445 4.53402 15.2573 2.46435 2.94593 10.4786 11.9902 8.19876 1.23016 14.2531 8.85484 4.84809 10.9115 4.53957 7.66016 11.785 7.1678 3.9538 4.63629 10.4194 3.39623 8.20113 10.0674 2.90663 11.5131 10.8576 4.65537 12.4161 1.52434 2.96547 2.3121 12.6707 3.75373 7.9801 2.64379 13.8714 3.21604 4.11643 13.4415 2.38315 8.87246 3.57997 12.8371 8.16355 0.300832 13.1962 9.48439 14.6584 13.8745 3.77584 1.97274 3.11296 12.0864 15.5671 11.1165 2.6706 6.6034 5.44518 13.9578 11.6258 9.7872 13.5483 1.86561 11.2968 0.945145 3.10461 11.0919 4.55107 5.73865 4.00056 12.3105 6.05358 4.48693 12.983 7.43726 12.3935 14.6653 1.36356 11.2826
0 6.0303 5.63724 7.00179 10.9431 11.8526 1.8409 11.5912 3.29002 8.41492 11.8193 6.25192 2.80002 5.78775 999 10.2364 2.43393 15.5954 4.64247 11.5465 15.4443 4.58119 13.6973 13.6692 14.8575 13.1571 12.9224 14.4888 6.28622 7.55384 14.147 6.41369 5.45476 7.95566 13.525 3.81473 14.2466 10.3223 15.0882 2.95691 5.96481 17.1403 8.54998 5.79677 8.20322 5.35549 5.40948 9.51961 4.95972 14.0771 14.1406 13.0829 12.4641 13.9465 6.92197 5.313 13.221 2.31482 11.7691 8.4764 11.8844 3.18944 14.5326 13.8639 11.8658 5.05958 10.9757 11.6226 11.8543 11.9887 12.4251 15.6287 11.6721 1.68428 9.0132 14.8132 6.03511 10.9036 9.09321 13.1311 5.54967 7.57103 13.3784 9.59593 14.1525 8.13927 8.73335 8.95237 12.3167 6.77621 6.39733 13.4562 6.3591 4.5661 11.9967 4.69691 10.7781 13.7607 7.54432 8.76073 1.24197 12.5389 4.5311 11.1077 12.9961 3.02592 12.5378 8.55 7.81171 12.9148 4.82312 8.75041 3.69855 10.9034 7.49775 9.33309 5.22472 11.8814 8.80227 8.76128 14.3893 3.86576 11.0897 2.922 12.7124 4.94365 5.7178 11.9787 8.70974 13.1071 13.7213 6.72263 7.57691 8.2249 14.2441 14.3863 9.63226 7.20347 4.84087 10.0846 13.3988 11.2867 11.2903 13.4034 5.46454 11.3017 5.4835 4.66486 11.5008 1.77496 1.44368 7.64875 13.6742 3.51404 5.31703 12.2058 11.2488 13.4627 14.8838 5.62512 11.3033
0 10.1427 7.66662 5.46883 1.36781 2.55926 8.44759 2.56135 9.71002 1.82148 5.01139 4.54744 7.63992 10.6527 10.2364 999 8.1769 5.51363 9.45829 1.68861 5.55874 5.91772 6.51093 3.45172 6.22656 5.52073 4.45533 5.23895 5.40268 8.0001 5.63703 8.87257 6.93271 9.63374 3.30171 7.22001 4.21114 5.57754 4.85275 9.03842 10.4688 7.58267 2.52923 9.75125 2.07183 7.91688 10.704 6.15549 5.63799 4.408 5.59228 4.98222 2.91139 6.41901 9.17078 4.92375 3.00987 7.92165 1.62077 3.36146 2.50492 8.44685 4.29914 3.63044 2.51223 7.23412 2.7441 2.37118 4.53909 4.53596 2.53996 5.42473 4.60761 11.8742 2.06693 4.58102 9.55144 1.90263 1.16362 4.6233 4.69473 2.80692 3.71927 9.76867 4.62465 12.4028 12.0301 2.09974 2.28405 3.49006 11.8794 3.60111 4.45055 6.32316 3.02853 6.47151 6.29582 5.38154 3.48524 9.13204 9.64261 4.9658 7.51085 5.96136 6.59749 9.3936 3.23736 3.46632 6.79651 2.92756 11.3723 11.8611 9.339 2.97809 7.70414 3.46624 8.02521 4.08104 13.1373 8.84879 4.56755 9.00561 4.72632 11.4877 2.47631 5.88466 10.9008 2.73212 1.53522 4.27225 3.49807 7.11788 12.2057 9.63403 5.97228 4.94532 1.94659 8.82683 5.39942 9.00944 3.3454 1.05906 3.49543 3.17479 8.78729 1.18828 11.3592 7.72618 1.78314 11.1562 8.79491 7.5228 4.45253 6.72311 6.26505 2.33431 7.6628 3.936 4.6562 11.8123 1.20341
0 4.58486 3.4346 4.56975 8.7346 9.56795 1.58912 9.28966 2.25144 6.37672 9.39079 3.91312 2.12219 4.59818 2.43393 8.1769 999 13.379 3.14084 9.62499 13.1751 3.25572 11.2643 11.6281 12.4585 10.7348 10.5394 12.8102 3.85426 5.38369 11.7488 4.50069 3.0989 6.09519 11.4768 1.386 12.0296 7.89311 12.9878 1.4799 4.65997 14.7998 6.25966 4.24081 6.24006 3.21498 4.33549 7.11517 2.63401 12.2725 12.6253 10.6781 10.1911 11.5167 5.0475 3.36024 11.095 1.18962 9.76674 6.10135 9.60825 1.21758 12.4276 11.7958 10.07 2.73865 8.63473 9.34222 9.43806 9.57502 10.522 13.4766 9.25109 3.8426 7.26216 12.7458 4.37321 8.63341 7.08133 11.5824 3.66546 5.72071 11.099 7.60107 12.3903 7.06032 7.4038 7.20285 10.1323 4.87009 5.57697 11.583 4.90609 2.15 9.67457 2.26314 8.3636 11.3602 5.21452 6.72173 1.49308 10.1214 2.24109 8.6804 10.5635 1.82631 10.2324 7.11621 5.47069 10.7063 4.27791 7.36715 2.29654 9.31292 5.28009 6.93655 3.1152 10.4062 7.81348 6.67183 12.1202 2.23224 8.66058 3.45568 10.6385 3.82613 4.65399 10.2114 6.69546 11.4838 11.6728 4.42435 6.56567 6.33664 11.8336 12.6536 7.89284 5.22015 2.88174 7.92902 11.454 9.23594 8.9085 11.3473 3.59494 9.16636 4.70208 2.44812 9.28356 2.97935 1.41598 5.39965 11.3359 1.7557 2.88617 10.3011 8.89513 11.1632 12.764 5.02096 9.16444
0 14.2568 11.9918 9.65486 4.65354 3.88913 13.8594 4.21203 14.5517 7.27333 5.87531 9.49655 13.1043 14.8674 15.5954 5.51363 13.379 999 13.9717 4.86009 0.82201 11.4178 5.66711 2.73534 3.67967 4.97417 3.97544 5.41624 9.96482 11.5456 3.79012 12.8416 11.4406 13.0343 2.77737 12.2355 1.35004 7.70762 1.54159 13.9885 14.6193 2.68794 7.13785 13.9266 7.57444 12.3105 15.0318 8.7867 10.7487 4.44761 6.60019 4.38839 3.25394 5.24658 12.9545 10.318 2.57391 13.2975 4.33583 7.50147 3.82671 13.4058 1.7184 2.41661 5.28715 11.8279 5.00504 4.09566 5.37464 5.22433 4.37476 0.872353 5.63209 17.1839 7.34782 1.96163 13.6478 4.77055 6.67066 6.38855 10.1286 8.32013 2.4225 12.4621 4.77205 16.0475 15.398 7.39797 3.28892 8.96611 16.0236 4.07707 9.95201 11.3321 3.95612 11.3792 8.0604 3.98057 8.21337 12.1573 14.8713 5.04683 12.2324 7.47011 6.51724 14.3048 3.35431 8.58315 10.3147 2.68062 15.9063 15.196 14.0988 6.78638 11.2886 6.90357 12.4507 7.03979 16.6716 11.8581 1.45382 13.7419 6.30715 16.4663 3.24644 11.3982 15.1527 5.38535 7.02574 5.90339 2.65006 11.0917 16.0147 12.9245 4.17938 4.99144 6.93124 12.5012 10.7734 11.3749 3.57975 4.57193 5.11563 2.80945 13.0789 4.35253 15.7151 12.3701 4.0985 16.3207 14.1706 11.0513 2.77346 12.0979 10.9867 4.49886 9.18558 2.49724 1.40431 16.1738 4.34494
0 1.45602 2.00145 4.3177 9.58001 10.0912 4.67386 9.76158 1.38495 7.87031 8.94197 4.94393 5.25178 1.50147 4.64247 9.45829 3.14084 13.9717 999 11.0973 13.5919 6.03896 10.587 12.7571 12.2243 10.3251 10.5093 14.5546 4.09353 3.3669 11.5485 1.92606 2.56002 3.35037 12.5958 2.76588 12.67 7.08961 13.9232 1.78084 1.52315 14.8609 7.05772 1.16155 7.89773 1.66715 1.34833 6.0403 4.15496 13.8365 14.5979 10.4685 10.7231 10.9358 2.35847 5.50041 12.04 4.32986 11.0702 6.50171 10.1623 1.93298 13.3713 12.855 11.7387 2.22524 8.97065 9.89667 9.17667 9.33401 11.9832 14.2587 8.9396 5.16168 9.17267 13.7705 1.39589 9.27573 8.55815 13.5453 5.83977 7.62923 11.5602 5.04584 14.0196 3.93611 4.27243 9.12022 10.9633 6.8021 2.63797 13.0533 7.38405 3.4169 10.0317 3.13696 7.29716 11.1575 6.00171 4.27576 3.42053 9.80482 1.9992 7.77927 9.70322 1.62028 10.632 9.42555 4.14175 11.4333 1.94165 4.24721 0.950474 11.3151 3.43559 7.07573 1.52237 12.5023 4.70239 4.33998 12.5766 0.908735 8.24488 3.10035 11.7359 6.66276 1.63049 11.9189 8.20498 13.3508 12.7832 3.07275 3.46879 3.62923 11.5171 14.3207 9.77394 2.73249 5.13249 5.71108 12.7942 10.4645 8.9841 12.454 1.08467 10.1923 1.93259 1.74385 10.0639 3.75289 4.36808 3.65673 11.5282 4.5523 3.1987 11.7699 7.34761 11.54 13.6574 2.37084 10.1809
0 11.8187 9.33777 7.15671 2.41853 3.26098 9.72093 3.43402 11.2811 3.28152 6.16754 6.1606 8.8439 12.3195 11.5465 1.68861 9.62499 4.86009 11.0973 999 5.15009 7.05839 7.3694 2.286 6.58472 6.35985 5.14076 3.55128 7.06909 9.68344 6.12099 10.5584 8.59086 11.3167 2.1792 8.7648 3.76108 7.05261 3.80644 10.5837 12.1413 7.30302 4.21777 11.4244 3.38516 9.58033 12.3598 7.73249 7.17337 2.73995 3.97555 5.73265 3.29029 7.18265 10.8593 6.28908 2.33206 9.24321 0.623939 5.03913 3.16285 9.99545 3.31361 2.55979 0.941541 8.87823 3.93935 3.17233 5.63213 5.58778 0.9 4.52134 5.76025 13.213 2.64824 3.43914 11.2302 3.05408 2.57235 3.07234 6.01708 3.97555 3.79579 11.4064 2.94109 14.091 13.7162 2.70601 2.30054 4.78566 13.548 1.97205 5.39607 7.88402 3.78716 8.0608 7.7353 5.95778 5.159 10.7924 11.0577 5.90771 9.13036 7.33542 7.6545 10.9477 3.72265 3.74833 8.47286 2.80492 12.9971 13.5462 10.9335 2.09122 9.38785 5.06172 9.68464 2.85049 14.8259 10.5061 4.33761 10.6081 6.03066 13.0026 1.63478 6.89929 12.5633 1.16812 2.95027 2.66655 2.35841 8.8062 13.891 11.3126 6.51691 3.25853 2.13002 10.5149 6.77278 10.6048 1.85324 1.00846 4.64769 2.10107 10.4554 1.69523 13.009 9.3578 2.46142 12.5936 10.1046 9.20364 4.72952 8.06598 7.89869 0.680294 9.10671 4.08486 3.69567 13.4595 1.72662
0 13.8039 11.5985 9.27835 4.53746 3.60846 13.7449 3.90017 14.2376 7.24278 5.24023 9.26777 13.0303 14.4262 15.4443 5.55874 13.1751 0.82201 13.5919 5.15009 999 11.39 4.89026 3.22025 2.86386 4.24779 3.34389 6.11616 9.64685 11.0402 3.01359 12.3799 11.0878 12.4913 3.22572 11.9851 1.39517 7.12394 2.27015 13.7056 14.1692 2.16335 6.91556 13.4867 7.57594 11.9254 14.6088 8.22494 10.5414 5.10518 7.27332 3.69742 2.98439 4.46073 12.4641 10.2174 2.81824 13.1658 4.57739 7.18672 3.56699 13.1299 2.31002 2.90512 5.69179 11.4865 4.63742 3.83298 4.77046 4.6146 4.78784 1.68585 5.03087 17.0031 7.49913 2.65189 13.1976 4.5444 6.68856 6.9833 10.0512 8.33882 2.07793 11.8438 5.44127 15.5112 14.8302 7.54526 3.27611 8.92812 15.5622 4.64487 10.0063 11.0899 3.57015 11.1112 7.4272 3.2336 7.97023 11.579 14.6677 4.38037 11.9123 6.83007 5.76945 14.0095 2.978 8.79542 9.82624 2.63351 15.516 14.6256 13.7692 7.16409 10.7922 6.5192 12.0697 7.53316 16.1166 11.2817 1.05551 13.41 5.72647 16.1755 3.51592 11.4158 14.7156 5.81544 7.02283 6.48874 3.136 10.6544 15.5017 12.3689 3.38864 5.68283 7.13762 12.0007 10.6587 10.7363 4.10343 4.70714 4.63905 3.22405 12.6671 4.37177 15.2923 12.0322 3.97724 16.087 14.0344 10.5512 2.15838 11.9731 10.6827 4.88215 8.50368 2.05448 2.07041 15.749 4.35855
0 7.35126 5.35869 4.95016 6.86385 7.93829 2.74263 7.74285 5.45869 4.15023 8.788 3.26377 1.8005 7.53908 4.58119 5.91772 3.25572 11.4178 6.03896 7.05839 11.39 999 10.7094 9.25973 11.3586 9.94934 9.38144 9.90767 4.14237 7.01503 10.6642 6.76542 4.61291 8.24665 9.12496 3.30625 10.0929 7.87163 10.7307 4.66515 7.5231 13.2815 4.87779 6.95162 3.84678 5.33625 7.35784 7.50782 2.54757 9.51492 9.58057 9.69165 8.49294 10.8411 7.29445 1.4896 8.92516 2.40352 7.3466 5.21513 7.94292 4.21523 10.1877 9.48192 7.30934 4.5258 7.31109 7.70437 8.6351 8.73476 7.91548 11.3371 8.52303 6.26547 4.46287 10.4196 6.96681 6.98737 4.75439 8.56131 1.46632 3.12618 9.39796 9.38896 9.57992 9.92542 10.0651 4.40219 8.1406 2.46205 8.64385 8.92293 1.78011 2.99643 8.2045 3.36804 8.53513 10.3081 4.1836 8.49721 4.38135 9.29947 4.32428 8.63771 10.2617 5.03822 8.66448 3.99284 6.49675 8.77234 7.48076 9.983 5.37862 6.32383 6.79586 6.12237 5.32333 7.32708 10.7056 8.34343 10.3554 5.19711 8.12001 6.63497 8.35405 0.630079 7.65914 7.4131 4.39264 8.52719 9.31904 5.82591 9.49413 8.42164 10.8613 9.80883 5.07159 7.27044 1.36033 9.32533 8.90834 6.92758 7.82127 9.01346 6.06865 7.06531 7.8233 4.63746 7.42004 5.91202 3.18077 6.79992 9.88536 1.52552 3.85721 7.69917 9.48718 9.5411 10.5543 8.18423 7.07313
0 10.353 8.65603 6.71867 5.17054 4.11461 12.3286 3.99431 11.5879 7.26297 1.92816 7.66077 11.9142 11.0138 13.6973 6.51093 11.2643 5.66711 10.587 7.3694 4.89026 10.7094 999 6.77762 2.1868 1.01 2.26013 9.98289 7.41134 7.44103 1.87779 8.95643 8.44877 8.57765 6.67063 9.89354 5.08084 3.50435 6.73286 11.2773 10.7177 4.95154 5.90512 10.129 7.69247 9.0058 11.295 4.55721 8.87703 8.88246 10.9046 1.65496 4.14367 0.460977 8.86247 9.24805 5.84839 11.6917 6.78428 5.50229 4.2088 10.7848 6.44795 6.5818 8.27162 8.87861 3.8289 4.23274 2.12257 2.06197 7.62273 6.4429 2.1942 15.0008 8.44741 6.94286 9.79462 4.61001 7.12832 10.2413 9.24516 8.38643 4.05571 7.53117 9.22919 11.5278 10.6977 8.46242 5.17093 8.53724 11.9891 8.12587 9.98054 9.14266 3.58935 9.00147 3.35596 1.72557 6.5367 7.50347 12.6539 1.55544 9.39712 2.81887 1.02005 11.487 3.69769 9.83514 6.45012 4.91955 12.3519 10.4847 11.0552 9.331 7.27044 4.59053 9.16377 10.2199 12.0205 7.23287 4.4337 10.7058 2.63403 13.5628 6.26726 11.0011 11.3146 8.48218 7.2556 9.75921 6.72483 7.52215 11.6442 8.38793 1.51608 9.54821 8.45015 8.36543 9.54529 6.35416 7.53608 6.41394 3.11207 6.56686 9.52778 5.72603 11.9497 9.39628 4.9369 13.8156 12.4664 7.02636 3.14535 10.6489 8.39701 7.57071 3.98011 3.7665 6.43817 12.377 5.6948
0 13.3005 10.8753 8.56918 3.22616 3.23682 11.8649 3.56204 13.1077 5.26545 6.15652 7.93221 11.0236 13.8548 13.6692 3.45172 11.6281 2.73534 12.7571 2.286 3.22025 9.25973 6.77762 999 5.38257 5.83579 4.56863 3.21636 8.66387 10.8714 5.1309 11.9534 10.2007 12.4722 0.162788 10.6449 1.99492 7.57193 1.52118 12.4578 13.6444 5.36146 5.69956 12.9287 5.46773 11.1558 13.9484 8.47917 9.07317 2.11804 4.23481 5.15904 2.83129 6.46883 12.1758 8.3628 0.968969 11.355 1.91314 6.33759 3.12618 11.8657 1.05802 0.319531 2.56416 10.5376 4.35625 3.31308 5.58395 5.4811 1.65584 2.26153 5.79111 15.3162 4.91945 1.16297 12.695 3.68109 4.57685 3.80033 8.11971 6.13909 2.72547 12.263 2.46856 15.3908 14.8912 4.97567 2.00831 6.89696 15.0656 1.4667 7.64655 9.74166 3.64198 9.86591 8.13172 5.11165 6.76166 11.7777 13.0942 5.59035 10.86 7.61836 7.34712 12.806 3.2321 6.02344 9.61957 1.9238 14.6915 14.7049 12.7133 4.06952 10.5864 6.0407 11.2776 4.32001 16.0852 11.4792 2.72009 12.3712 6.29051 14.9193 1.02122 9.1414 14.1191 2.65211 4.96158 3.30002 0.08544 10.1667 15.2613 12.4203 5.56386 2.77723 4.41602 11.7765 8.8417 11.312 0.890898 2.39282 4.84846 0.308058 11.9985 2.565 14.6188 11.0524 2.84007 14.6074 12.2259 10.3733 3.68285 10.1606 9.60013 1.80405 9.44507 3.02333 1.43534 15.077 2.57701
0 12.1623 10.238 8.08309 4.88215 3.67523 13.3297 3.74769 13.0944 7.4632 3.29201 8.62847 12.7791 12.8148 14.8575 6.22656 12.4585 3.67967 12.2243 6.58472 2.86386 11.3586 2.1868 5.38257 999 1.93763 1.97841 8.56678 8.654 9.27097 0.710634 10.739 9.89781 10.5417 5.3143 11.139 3.44479 5.22182 4.95807 12.6888 12.5308 2.81016 6.49668 11.9001 7.87326 10.5846 13.0611 6.34635 9.91134 7.48313 9.6173 1.78718 3.36364 1.72702 10.7132 9.98468 4.58225 12.7068 5.96149 6.39078 3.72259 12.1541 4.79613 5.12445 7.38011 10.3237 4.04851 3.88155 3.06835 2.91781 6.58608 4.51852 3.29248 16.2807 8.29002 5.2509 11.5795 4.5131 7.12683 9.11447 9.90883 8.63287 2.81114 9.62208 7.83393 13.536 12.7498 8.31974 4.28777 8.98862 13.8576 6.83348 10.3191 10.3085 3.2602 10.2347 5.28564 1.09859 7.37153 9.51505 13.9122 2.42002 10.8134 4.69473 3.17717 12.9402 2.99323 9.6927 8.16751 3.81047 14.0701 12.5384 12.581 8.667 9.0662 5.52461 10.7397 9.35193 14.0669 9.23217 2.71544 12.2228 3.97947 15.0759 5.16327 11.54 13.114 7.56214 7.35751 8.61452 5.31327 9.16081 13.6109 10.3743 0.742428 8.12407 8.12946 10.223 10.3548 8.45854 6.23784 5.77862 3.5866 5.24452 11.2049 5.17402 13.7325 10.8635 4.45103 15.1936 13.5343 8.81882 1.85529 11.5786 9.69157 6.59437 6.1076 2.51002 4.69234 14.1742 5.14709
0 10.2294 8.35029 6.26281 4.17203 3.10466 11.7111 2.98965 11.2379 6.35614 1.38654 7.00746 11.2383 10.8832 13.1571 5.52073 10.7348 4.97417 10.3251 6.35985 4.24779 9.94934 1.01 5.83579 1.93763 999 1.27534 9.02599 6.89046 7.33453 1.35181 8.80818 8.05363 8.61037 5.72198 9.38616 4.23455 3.28722 5.90597 10.8675 10.5976 4.72299 5.09118 9.97197 6.78441 8.69876 11.1347 4.40959 8.26105 7.92699 9.92416 0.676757 3.14771 0.924446 8.77627 8.51207 4.89189 11.0785 5.77631 4.79317 3.19883 10.3489 5.57918 5.65601 7.26386 8.48257 2.87903 3.2249 1.32439 1.21491 6.62463 5.6943 1.48553 14.5241 7.48193 6.08118 9.64915 3.62498 6.18049 9.24446 8.48322 7.49787 3.13453 7.74176 8.27138 11.6112 10.8407 7.49915 4.17279 7.70377 11.9206 7.15565 9.12338 8.59107 2.57955 8.48398 3.36292 1.03078 5.81806 7.59633 12.1613 0.65 8.98502 2.76653 1.56486 11.1031 2.70233 8.87703 6.24245 3.95051 12.1536 10.6303 10.7167 8.32301 7.13224 3.88599 8.85508 9.21027 12.154 7.31041 3.64088 10.3608 2.10623 13.2202 5.28259 10.206 11.1828 7.47521 6.32792 8.76495 5.78705 7.25474 11.6779 8.44741 1.20333 8.59456 7.46419 8.28566 8.83825 6.59394 6.57013 5.40416 2.19784 5.61272 9.29405 4.71683 11.8039 9.01586 3.92766 13.3913 11.8794 6.88491 2.29314 9.99512 7.91006 6.56839 4.28882 2.86094 5.60394 12.2439 4.68565
0 10.5878 8.50864 6.2677 3.08754 1.93023 11.3686 1.89644 11.2939 5.53225 1.90158 6.67811 10.8047 11.2254 12.9224 4.45533 10.5394 3.97544 10.5093 5.14076 3.34389 9.38144 2.26013 4.56863 1.97841 1.27534 999 7.75207 6.77827 7.76322 1.28456 9.15765 8.09645 9.17197 4.45189 9.2421 3.06198 3.78826 4.73362 10.8451 10.9559 4.35556 4.51852 10.2931 5.95 8.84879 11.4378 4.90102 7.96649 6.65361 8.65029 0.605392 1.88473 2.04198 9.20028 8.00683 3.61957 10.7491 4.54411 4.44605 2.01062 10.296 4.36791 4.39819 6.02854 8.51543 2.07511 2.09057 1.43224 1.27393 5.36352 4.61147 1.69296 14.374 6.48353 4.87337 9.9889 2.62488 5.24976 7.98141 7.93061 6.69931 1.89552 8.5017 6.99739 12.193 11.4936 6.5073 2.91254 7.02257 12.3266 5.88031 8.37445 8.39288 1.42899 8.34005 4.08917 0.953415 5.40823 8.23991 12.0061 1.09417 8.98614 3.49597 2.78548 11.1141 1.43892 7.88996 6.58046 2.67556 12.399 11.288 10.7945 7.14682 7.52846 3.60843 9.00011 7.9883 12.7857 7.94361 2.55392 10.4342 2.40002 13.2677 4.00975 9.57033 11.5203 6.23574 5.45077 7.49907 4.522 7.48787 12.2039 9.04071 1.54146 7.32149 6.39806 8.72576 8.37972 7.4027 5.29506 4.21374 1.63218 4.34066 9.52924 3.54203 12.118 9.06078 2.76 13.3242 11.5835 7.28371 1.20208 9.61188 7.82361 5.31498 5.22212 1.64624 4.42676 12.5693 3.51172
0 15.3376 12.8516 10.7028 5.76147 6.20877 12.6493 6.48837 14.6309 6.68431 9.21739 9.61275 11.699 15.8211 14.4888 5.23895 12.8102 5.41624 14.5546 3.55128 6.11616 9.90767 9.98289 3.21636 8.56678 9.02599 7.75207 999 10.5811 13.2335 8.34456 14.098 12.0862 14.8664 3.31429 12.0992 5.12739 10.41 3.87466 13.8997 15.6534 8.08015 7.76796 14.9386 6.68231 13.0812 15.8419 11.186 10.5183 1.10059 1.22972 8.35029 5.9333 9.68259 14.4072 9.45449 4.13537 12.2547 3.80296 8.58755 6.0959 13.3219 3.83213 3.44843 2.81626 12.3518 7.18093 6.2184 8.64792 8.56309 2.76796 4.62131 8.83016 16.1731 5.54812 3.46671 14.7551 6.35725 6.00128 1.59201 9.1448 7.09801 5.93906 14.9104 0.754718 17.6372 17.2674 5.6075 4.9667 7.95543 17.0512 1.90142 8.13194 11.251 6.68283 11.4635 11.0421 8.32742 8.6868 14.322 14.1708 8.7355 12.5668 10.5787 10.509 14.2738 6.36315 5.99446 12.0185 5.0774 16.4251 17.097 14.3217 3.59778 12.9381 8.55627 13.1788 2.85351 18.3748 14.0327 5.86192 14.0105 9.24267 16.2505 3.80443 9.5918 16.057 2.63797 6.34972 1.41481 3.27654 12.3534 17.4285 14.859 8.77796 0.442719 4.91742 14.0658 9.92938 14.0622 2.46343 4.42405 7.79483 3.41604 13.9622 4.98696 16.4795 12.8108 5.58793 15.721 13.0772 12.7522 6.8991 11.1406 11.3623 2.94292 12.396 6.23879 4.04623 16.9246 5.01334
0 4.75657 2.27059 0.829759 5.49233 6.07635 4.99075 5.76043 4.59157 3.95338 5.53832 1.18229 4.75792 5.25092 6.28622 5.40268 3.85426 9.96482 4.09353 7.06909 9.64685 4.14237 7.41134 8.66387 8.654 6.89046 6.77827 10.5811 999 3.15357 7.94806 3.57246 1.53834 4.66905 8.50245 2.4957 8.64119 4.09484 9.84123 4.07848 5.07372 11.1044 2.96432 4.35791 4.08104 2.51436 5.30519 3.47865 1.67693 9.80586 10.7402 6.86735 6.71193 7.66293 3.96215 2.78325 7.95204 4.35437 7.00069 2.46447 6.13844 3.51991 9.28698 8.76206 7.77296 1.88215 5.01283 5.8698 5.60675 5.74857 7.94091 10.2032 5.41059 7.636 5.44797 9.68013 4.17815 5.21852 4.59619 9.70021 3.01438 4.04665 7.58193 5.44772 10.0081 7.12733 6.91046 5.40449 6.88408 3.3812 6.47893 9.0037 4.54542 1.74201 6.07949 1.59452 4.64285 7.55619 1.92034 4.5971 5.27115 6.286 2.26808 4.88872 6.73318 4.36771 6.66886 6.07174 2.3843 7.37512 6.03067 6.77018 4.13425 7.55632 2.88321 3.18135 2.62545 8.77679 7.89079 4.39172 8.60851 3.77809 4.80763 6.53351 7.64268 4.67788 5.49812 7.96719 4.2766 9.45303 8.68968 1.9981 6.87189 4.76299 8.0083 10.3196 5.99241 3.72887 2.78218 5.22726 8.71989 6.38719 5.16575 8.36056 3.38634 6.09893 5.96662 2.41404 5.98694 6.54663 5.08001 2.81753 7.67294 3.46595 1.04695 7.73204 5.42001 7.59558 9.58008 6.42256 6.0874
0 2.91204 1.94941 2.65377 7.66225 7.82387 6.91996 7.47693 4.62788 6.87699 5.99803 4.33377 7.08138 3.57279 7.55384 8.0001 5.38369 11.5456 3.3669 9.68344 11.0402 7.01503 7.44103 10.8714 9.27097 7.33453 7.76322 13.2335 3.15357 999 8.63903 1.53496 2.46173 1.63371 10.7095 4.18346 10.3398 4.0502 11.7957 4.63856 3.27732 12.0196 5.4814 2.70237 7.08467 2.20095 3.86394 2.925 4.48095 12.3456 13.551 7.59906 8.41457 7.82793 1.44361 5.82911 10.0191 6.36664 9.47724 4.64665 7.91658 4.37031 11.2767 10.8959 10.4949 2.70224 6.64172 7.67407 6.34653 6.50776 10.49 11.9809 6.09036 8.39832 8.46561 11.7327 2.36129 7.19539 7.43303 12.5392 6.10047 7.15701 9.13763 2.37447 12.5924 4.53425 4.04031 8.4282 8.90834 6.53028 4.58734 11.5025 7.67522 4.06428 7.62422 3.70412 4.0877 8.26183 4.70086 1.48314 6.32487 6.89823 3.15087 4.6301 6.49755 4.69107 8.21616 9.20201 1.25399 9.24944 4.94955 3.86518 4.09099 10.5059 0.296816 4.8326 2.32912 11.7291 5.21426 1.34082 10.0979 3.80728 5.37473 6.46692 9.88243 7.6096 3.87362 10.7068 7.17178 12.237 10.8776 1.19775 4.46942 1.65702 8.53731 12.9217 8.96002 0.962549 5.70846 2.54692 11.1205 8.8457 6.43009 10.5639 2.28974 8.39185 4.5104 2.93833 8.03575 7.03092 6.79965 0.5001 8.89351 5.92576 3.15831 10.3001 3.98559 9.04929 11.5034 4.936 8.37201
0 11.5185 9.55775 7.38535 4.27766 3.07787 12.6201 3.11451 12.4019 6.80362 2.64221 7.91811 12.0735 12.168 14.147 5.63703 11.7488 3.79012 11.5485 6.12099 3.01359 10.6642 1.87779 5.1309 0.710634 1.35181 1.28456 8.34456 7.94806 8.63903 999 10.0919 9.20367 9.94725 5.04448 10.4313 3.29509 4.59025 4.90902 11.9886 11.8872 3.38615 5.79646 11.2483 7.21812 9.90336 12.4065 5.71945 9.20074 7.24846 9.34465 1.08674 2.84396 1.46 10.0826 9.28304 4.26427 11.9968 5.50294 5.68033 3.13683 11.4516 4.67064 4.89949 6.95507 9.62863 3.35967 3.27099 2.37693 2.2232 6.20278 4.57581 2.6091 15.5723 7.69042 5.15218 10.9312 3.86964 6.49397 8.77853 9.21151 7.97236 2.44264 9.09326 7.59924 12.9535 12.1901 7.71758 3.82335 8.30664 13.2261 6.54908 9.65238 9.59896 2.62886 9.52702 4.71052 0.393573 6.66276 8.94322 13.2038 1.75 10.1153 4.11175 2.77622 12.2431 2.43852 9.09651 7.51473 3.41492 13.4051 11.98 11.8909 8.18382 8.42668 4.81428 10.0578 8.93071 13.5021 8.65592 2.60665 11.5322 3.30775 14.3825 4.7892 10.8549 12.4665 7.14738 6.71059 8.28281 5.06851 8.49108 13.0113 9.78902 0.43382 7.90358 7.56122 9.59542 9.64995 7.94348 5.95144 5.26522 2.87814 4.95903 10.5368 4.63168 13.0804 10.1697 3.8812 14.4899 12.8239 8.1794 1.4588 10.8702 8.98697 6.19061 5.6251 2.13476 4.623 13.5248 4.60331
0 1.43028 1.4417 3.40993 8.72739 9.03556 6.08895 8.69218 3.27567 7.52126 7.45107 4.69294 6.44522 2.07617 6.41369 8.87257 4.50069 12.8416 1.92606 10.5584 12.3799 6.76542 8.95643 11.9534 10.739 8.80818 9.15765 14.098 3.57246 1.53496 10.0919 999 2.26385 1.59452 11.7906 3.56707 11.5941 5.52226 12.9794 3.45753 1.79869 13.4595 6.35315 1.17273 7.65252 1.43126 2.33857 4.41277 4.39948 13.2753 14.3019 9.03515 9.64789 9.33511 0.55109 5.83008 11.1498 5.61471 10.4261 5.62076 9.12042 3.34121 12.4448 12.0077 11.3055 2.24722 7.86572 8.86612 7.7624 7.92328 11.4065 13.2232 7.5113 7.07199 9.01453 12.8808 0.84119 8.32301 8.14877 13.2657 6.14467 7.57214 10.4204 3.18251 13.4972 3.55647 3.39411 8.96975 10.0439 6.8355 3.18308 12.4513 7.7566 3.78958 8.89002 3.42257 5.60988 9.70909 5.41511 2.36783 5.1719 8.34348 2.47776 6.13932 8.02362 3.42187 9.49005 9.5474 2.58089 10.4397 3.41481 3.27867 2.76921 11.1285 1.68618 5.98927 1.46441 12.3484 4.31836 2.41588 11.407 2.55157 6.79784 5.00549 10.9438 7.39051 2.37508 11.5059 7.84088 13.0072 11.9677 1.78709 3.33326 1.84011 10.0113 13.8169 9.5645 0.809568 5.58965 3.78556 12.1174 9.79858 7.74251 11.6455 0.94921 9.4164 2.99817 2.17883 9.15162 5.67145 5.88014 1.93132 10.2539 5.45433 3.09829 11.205 5.50073 10.3573 12.6959 3.43572 9.39988
