0 0 0 0 0 0 0 0 0 0 0 0 0 0 0 0 0 0 0 0 0 0 0 0 0 0 0 0 0 0 0 0 0 0
0 999 0.290529 0.2736 0.553661 0.426866 0.268133 0.229291 0.211914 0.489308 0.271794 0.289737 0.578551 0.110362 0.348155 0.718935 0.106703 0.742468 1.14837 1.14925 0.863833 0.413763 0.761832 1.10178 0.934593 1.2398 0.493825 0.969102 1.12423 0.993653 0.354036 1.01204 0.919354 1.03335
0 0.290529 999 0.390124 0.695307 0.443369 0.196708 0.450055 0.477892 0.709124 0.546475 0.380875 0.444718 0.212631 0.617579 0.570136 0.354185 0.486449 0.921903 0.869688 0.740101 0.160675 0.472919 0.846922 0.67295 1.01729 0.255708 0.679017 0.90057 0.709311 0.0668705 0.726151 0.736423 0.821396
0 0.2736 0.390124 999 0.308849 0.174033 0.213755 0.489172 0.234758 0.727717 0.47193 0.0310634 0.402842 0.347839 0.330505 0.53416 0.372437 0.674633 1.00971 1.2317 0.647401 0.550409 0.776034 1.00579 0.85984 1.09271 0.644916 0.982846 0.983213 1.06421 0.451924 0.995653 0.746803 0.883304
0 0.553661 0.695307 0.308849 999 0.304711 0.506327 0.731351 0.404581 0.9225 0.660036 0.314516 0.548416 0.645693 0.385598 0.634637 0.633291 0.881553 1.11697 1.50704 0.671517 0.855977 1.03035 1.16117 1.04512 1.18402 0.950985 1.22737 1.08935 1.33721 0.754234 1.21962 0.832129 0.985717
0 0.426866 0.443369 0.174033 0.304711 999 0.247551 0.652276 0.406391 0.898462 0.645266 0.146598 0.261692 0.476623 0.485023 0.377839 0.531647 0.580314 0.863507 1.20682 0.476057 0.598092 0.726498 0.881047 0.751464 0.941571 0.692172 0.922657 0.836353 1.03666 0.491225 0.916655 0.590044 0.734059
0 0.268133 0.196708 0.213755 0.506327 0.247551 999 0.490259 0.376234 0.754811 0.536072 0.196696 0.315045 0.267422 0.504941 0.454564 0.369999 0.495875 0.882844 1.01797 0.608314 0.354685 0.568086 0.847545 0.687506 0.973241 0.449703 0.776802 0.85824 0.850688 0.249704 0.798403 0.651594 0.765957
0 0.229291 0.450055 0.489172 0.731351 0.652276 0.490259 999 0.330523 0.265924 0.148967 0.510018 0.804422 0.24154 0.417487 0.944475 0.122613 0.933535 1.35739 1.2316 1.09248 0.514252 0.910788 1.29492 1.12222 1.45079 0.56527 1.10819 1.33433 1.0918 0.498422 1.16769 1.14061 1.24737
0 0.211914 0.477892 0.234758 0.404581 0.406391 0.376234 0.330523 999 0.524359 0.26034 0.265128 0.632397 0.322275 0.139966 0.766885 0.249955 0.871375 1.23562 1.34717 0.881754 0.617724 0.931807 1.21795 1.06218 1.32103 0.702042 1.14144 1.20961 1.18714 0.544544 1.17127 0.978784 1.11142
0 0.489308 0.709124 0.727717 0.9225 0.898462 0.754811 0.265924 0.524359 999 0.26405 0.752477 1.06767 0.505838 0.552459 1.208 0.384863 1.19516 1.62265 1.42885 1.35208 0.749543 1.15572 1.55602 1.38192 1.71631 0.782047 1.34505 1.59977 1.3034 0.751595 1.41285 1.40597 1.51324
0 0.271794 0.546475 0.47193 0.660036 0.645266 0.536072 0.148967 0.26034 0.26405 999 0.498688 0.837341 0.335122 0.303103 0.977137 0.193004 1.01352 1.41867 1.36615 1.11044 0.637028 1.01823 1.37338 1.20534 1.50931 0.697839 1.22142 1.39421 1.22109 0.60343 1.27257 1.18274 1.30185
0 0.289737 0.380875 0.0310634 0.314516 0.146598 0.196696 0.510018 0.265128 0.752477 0.498688 999 0.371805 0.356294 0.361278 0.503171 0.391411 0.646674 0.978751 1.21295 0.617735 0.541548 0.753131 0.975843 0.830979 1.06166 0.636505 0.959064 0.952234 1.04484 0.440715 0.969741 0.715778 0.85227
0 0.578551 0.444718 0.402842 0.548416 0.261692 0.315045 0.804422 0.632397 1.06767 0.837341 0.371805 999 0.580565 0.732375 0.140404 0.683079 0.342015 0.607415 1.02053 0.297632 0.557288 0.530688 0.619638 0.496723 0.689881 0.637379 0.705198 0.580732 0.852318 0.459366 0.681027 0.34738 0.480465
0 0.110362 0.212631 0.347839 0.645693 0.476623 0.267422 0.24154 0.322275 0.505838 0.335122 0.356294 0.580565 999 0.457874 0.718493 0.142168 0.692304 1.11686 1.04861 0.875538 0.312051 0.683128 1.05374 0.881675 1.21071 0.387162 0.886606 1.09409 0.896507 0.268325 0.937891 0.907286 1.00867
0 0.348155 0.617579 0.330505 0.385598 0.485023 0.504941 0.417487 0.139966 0.552459 0.303103 0.361278 0.732375 0.457874 999 0.86014 0.366075 0.99535 1.33972 1.48704 0.957104 0.757378 1.06732 1.33446 1.18411 1.42168 0.840848 1.27698 1.3131 1.32666 0.684302 1.30314 1.07308 1.21259
0 0.718935 0.570136 0.53416 0.634637 0.377839 0.454564 0.944475 0.766885 1.208 0.977137 0.503171 0.140404 0.718493 0.86014 999 0.823319 0.332837 0.487718 1.03405 0.174632 0.665823 0.554319 0.530217 0.439698 0.563805 0.737628 0.69809 0.46031 0.871539 0.575543 0.65215 0.212964 0.357224
0 0.106703 0.354185 0.372437 0.633291 0.531647 0.369999 0.122613 0.249955 0.384863 0.193004 0.391411 0.683079 0.142168 0.366075 0.823319 999 0.82803 1.24405 1.18118 0.970062 0.44738 0.825294 1.18915 1.01881 1.33656 0.514134 1.02847 1.22046 1.03264 0.410435 1.07996 1.02142 1.13158
0 0.742468 0.486449 0.674633 0.881553 0.580314 0.495875 0.933535 0.871375 1.19516 1.01352 0.646674 0.342015 0.692304 0.99535 0.332837 0.82803 999 0.447074 0.7013 0.475446 0.497966 0.230706 0.361442 0.192449 0.543628 0.53428 0.368138 0.429207 0.540115 0.452128 0.339461 0.351545 0.369766
0 1.14837 0.921903 1.00971 1.11697 0.863507 0.882844 1.35739 1.23562 1.62265 1.41867 0.978751 0.607415 1.11686 1.33972 0.487718 1.24405 0.447074 999 0.928515 0.470837 0.945027 0.610098 0.185715 0.309678 0.096554 0.977341 0.597404 0.0276197 0.814638 0.894987 0.491768 0.285763 0.131276
0 1.14925 0.869688 1.2317 1.50704 1.20682 1.01797 1.2316 1.34717 1.42885 1.36615 1.21295 1.02053 1.04861 1.48704 1.03405 1.18118 0.7013 0.928515 999 1.16953 0.736638 0.489916 0.743587 0.663402 0.997225 0.668314 0.349763 0.931305 0.170222 0.802862 0.440053 1.01079 0.945435
0 0.863833 0.740101 0.647401 0.671517 0.476057 0.608314 1.09248 0.881754 1.35208 1.11044 0.617735 0.297632 0.875538 0.957104 0.174632 0.970062 0.475446 0.470837 1.16953 999 0.840248 0.705135 0.57131 0.532002 0.522806 0.912177 0.823963 0.444088 1.01319 0.748705 0.76064 0.196895 0.346157
0 0.413763 0.160675 0.550409 0.855977 0.598092 0.354685 0.514252 0.617724 0.749543 0.637028 0.541548 0.557288 0.312051 0.757378 0.665823 0.44738 0.497966 0.945027 0.736638 0.840248 999 0.408021 0.840679 0.663976 1.04158 0.0951805 0.596301 0.927014 0.585331 0.107216 0.664259 0.802059 0.861068
0 0.761832 0.472919 0.776034 1.03035 0.726498 0.568086 0.910788 0.931807 1.15572 1.01823 0.753131 0.530688 0.683128 1.06732 0.554319 0.825294 0.230706 0.610098 0.489916 0.705135 0.408021 999 0.466308 0.301215 0.702539 0.402871 0.209671 0.599535 0.321818 0.414997 0.257288 0.577476 0.566707
0 1.10178 0.846922 1.00579 1.16117 0.881047 0.847545 1.29492 1.21795 1.55602 1.37338 0.975843 0.619638 1.05374 1.33446 0.530217 1.18915 0.361442 0.185715 0.743587 0.57131 0.840679 0.466308 999 0.17681 0.257259 0.857929 0.41896 0.192293 0.635118 0.808751 0.30994 0.374592 0.242105
0 0.934593 0.67295 0.85984 1.04512 0.751464 0.687506 1.12222 1.06218 1.38192 1.20534 0.830979 0.496723 0.881675 1.18411 0.439698 1.01881 0.192449 0.309678 0.663402 0.532002 0.663976 0.301215 0.17681 999 0.401346 0.683331 0.314811 0.300976 0.527366 0.632926 0.231849 0.353379 0.286723
0 1.2398 1.01729 1.09271 1.18402 0.941571 0.973241 1.45079 1.32103 1.71631 1.50931 1.06166 0.689881 1.21071 1.42168 0.563805 1.33656 0.543628 0.096554 0.997225 0.522806 1.04158 0.702539 0.257259 0.401346 999 1.07345 0.676098 0.116774 0.892376 0.991137 0.567094 0.353759 0.209612
0 0.493825 0.255708 0.644916 0.950985 0.692172 0.449703 0.56527 0.702042 0.782047 0.697839 0.636505 0.637379 0.387162 0.840848 0.737628 0.514134 0.53428 0.977341 0.668314 0.912177 0.0951805 0.402871 0.857929 0.683331 1.07345 999 0.569912 0.961364 0.526816 0.200982 0.65055 0.858262 0.903347
0 0.969102 0.679017 0.982846 1.22737 0.922657 0.776802 1.10819 1.14144 1.34505 1.22142 0.959064 0.705198 0.886606 1.27698 0.69809 1.02847 0.368138 0.597404 0.349763 0.823963 0.596301 0.209671 0.41896 0.314811 0.676098 0.569912 999 0.596246 0.217272 0.618522 0.112565 0.661165 0.599756
0 1.12423 0.90057 0.983213 1.08935 0.836353 0.85824 1.33433 1.20961 1.59977 1.39421 0.952234 0.580732 1.09409 1.3131 0.46031 1.22046 0.429207 0.0276197 0.931305 0.444088 0.927014 0.599535 0.192293 0.300976 0.116774 0.961364 0.596246 999 0.813471 0.874904 0.492728 0.2582 0.103669
0 0.993653 0.709311 1.06421 1.33721 1.03666 0.850688 1.0918 1.18714 1.3034 1.22109 1.04484 0.852318 0.896507 1.32666 0.871539 1.03264 0.540115 0.814638 0.170222 1.01319 0.585331 0.321818 0.635118 0.527366 0.892376 0.526816 0.217272 0.813471 999 0.642867 0.325552 0.863767 0.813914
0 0.354036 0.0668705 0.451924 0.754234 0.491225 0.249704 0.498422 0.544544 0.751595 0.60343 0.440715 0.459366 0.268325 0.684302 0.575543 0.410435 0.452128 0.894987 0.802862 0.748705 0.107216 0.414997 0.808751 0.632926 0.991137 0.200982 0.618522 0.874904 0.642867 999 0.670609 0.727225 0.800893
0 1.01204 0.726151 0.995653 1.21962 0.916655 0.798403 1.16769 1.17127 1.41285 1.27257 0.969741 0.681027 0.937891 1.30314 0.65215 1.07996 0.339461 0.491768 0.440053 0.76064 0.664259 0.257288 0.30994 0.231849 0.567094 0.65055 0.112565 0.492728 0.325552 0.670609 999 0.585224 0.506409
0 0.919354 0.736423 0.746803 0.832129 0.590044 0.651594 1.14061 0.978784 1.40597 1.18274 0.715778 0.34738 0.907286 1.07308 0.212964 1.02142 0.351545 0.285763 1.01079 0.196895 0.802059 0.577476 0.374592 0.353379 0.353759 0.858262 0.661165 0.2582 0.863767 0.727225 0.585224 999 0.155422
0 1.03335 0.821396 0.883304 0.985717 0.734059 0.765957 1.24737 1.11142 1.51324 1.30185 0.85227 0.480465 1.00867 1.21259 0.357224 1.13158 0.369766 0.131276 0.945435 0.346157 0.861068 0.566707 0.242105 0.286723 0.209612 0.903347 0.599756 0.103669 0.813914 0.800893 0.506409 0.155422 999