0 0 0 0 0 0 0 0 0 0 0 0 0 0 0 0 0 0 0 0 0 0
0 999 1.90421 6.99166 8.28768 7.30978 5.22603 7.76835 8.80366 7.88174 6.95095 7.973 7.4921 7.47786 8.19511 7.83399 7.47407 7.86311 8.08899 7.76006 7.61118 7.94255
0 1.90421 999 8.29962 6.64007 6.03003 5.59452 5.96782 10.5645 9.43526 8.76995 9.46244 9.08183 9.06447 9.73767 9.35227 9.00698 9.38497 9.66464 9.27456 9.14236 9.45226
0 6.99166 8.29962 999 11.8476 9.75428 4.21456 12.2005 4.13727 1.89011 3.92046 1.57136 1.93444 1.90547 2.03209 1.63973 1.53046 1.68015 2.16651 1.56996 1.58832 1.66197
0 8.28768 6.64007 11.8476 999 2.29961 7.65622 1.49807 15.4131 13.5811 14.0372 13.3838 13.4016 13.3756 13.8051 13.3877 13.1418 13.428 13.8593 13.3082 13.2517 13.4442
0 7.30978 6.03003 9.75428 2.29961 999 5.53979 3.3467 13.4928 11.5469 12.2659 11.313 11.4066 11.3795 11.751 11.3373 11.1164 11.3781 11.828 11.2594 11.2185 11.3845
0 5.22603 5.59452 4.21456 7.65622 5.53979 999 8.12015 8.05968 6.02213 7.08983 5.77451 5.91228 5.88433 6.21656 5.80507 5.59896 5.84593 6.30399 5.72803 5.69561 5.84873
0 7.76835 5.96782 12.2005 1.49807 3.3467 8.12015 999 15.5174 13.8368 14.0032 13.6888 13.6113 13.587 14.0839 13.6659 13.3911 13.7052 14.1084 13.5851 13.5095 13.7338
0 8.80366 10.5645 4.13727 15.4131 13.4928 8.05968 15.5174 999 2.29924 1.9858 2.749 2.21176 2.24095 2.30009 2.57511 2.60721 2.54036 2.06105 2.62532 2.56127 2.60793
0 7.88174 9.43526 1.89011 13.5811 11.5469 6.02213 13.8368 2.29924 999 2.70564 0.488383 0.468316 0.466479 0.32048 0.276904 0.446814 0.245141 0.282005 0.32805 0.329436 0.337191
0 6.95095 8.76995 3.92046 14.0372 12.2659 7.08983 14.0032 1.9858 2.70564 999 3.1673 2.30074 2.31897 2.92987 2.92141 2.69422 2.90999 2.65305 2.91666 2.75063 3.02378
0 7.973 9.46244 1.57136 13.3838 11.313 5.77451 13.6888 2.749 0.488383 3.1673 999 0.873241 0.858997 0.476651 0.246902 0.573762 0.257998 0.688116 0.272293 0.459042 0.151195
0 7.4921 9.08183 1.93444 13.4016 11.4066 5.91228 13.6113 2.21176 0.468316 2.30074 0.873241 999 0.0291911 0.776763 0.6264 0.43164 0.620808 0.601807 0.616056 0.454388 0.737591
0 7.47786 9.06447 1.90547 13.3756 11.3795 5.88433 13.587 2.24095 0.466479 2.31897 0.858997 0.0291911 999 0.778775 0.612497 0.405427 0.608626 0.613186 0.598927 0.433425 0.725607
0 8.19511 9.73767 2.03209 13.8051 11.751 6.21656 14.0839 2.30009 0.32048 2.92987 0.476651 0.776763 0.778775 999 0.418355 0.731145 0.378713 0.283605 0.498829 0.597308 0.370308
0 7.83399 9.35227 1.63973 13.3877 11.3373 5.80507 13.6659 2.57511 0.276904 2.92141 0.246902 0.6264 0.612497 0.418355 999 0.36943 0.0409198 0.532026 0.0809943 0.236963 0.122555
0 7.47407 9.00698 1.53046 13.1418 11.1164 5.59896 13.3911 2.60721 0.446814 2.69422 0.573762 0.43164 0.405427 0.731145 0.36943 999 0.392961 0.718419 0.308326 0.137149 0.488785
0 7.86311 9.38497 1.68015 13.428 11.3781 5.84593 13.7052 2.54036 0.245141 2.90999 0.257998 0.620808 0.608626 0.378713 0.0409198 0.392961 999 0.493349 0.120139 0.257341 0.117012
0 8.08899 9.66464 2.16651 13.8593 11.828 6.30399 14.1084 2.06105 0.282005 2.65305 0.688116 0.601807 0.613186 0.283605 0.532026 0.718419 0.493349 999 0.5971 0.609444 0.54784
0 7.76006 9.27456 1.56996 13.3082 11.2594 5.72803 13.5851 2.62532 0.32805 2.91666 0.272293 0.616056 0.598927 0.498829 0.0809943 0.308326 0.120139 0.5971 999 0.186847 0.183971
0 7.61118 9.14236 1.58832 13.2517 11.2185 5.69561 13.5095 2.56127 0.329436 2.75063 0.459042 0.454388 0.433425 0.597308 0.236963 0.137149 0.257341 0.609444 0.186847 999 0.358681
0 7.94255 9.45226 1.66197 13.4442 11.3845 5.84873 13.7338 2.60793 0.337191 3.02378 0.151195 0.737591 0.725607 0.370308 0.122555 0.488785 0.117012 0.54784 0.183971 0.358681 999