0 0 0 0 0 0 0 0 0 0 0 0 0 0 0 0 0 0 0 0 0 0
0 999 2.71312 5.20125 10.3336 11.8525 5.95773 12.5246 2.94043 9.86478 10.6065 6.48621 7.71007 7.61368 5.14035 9.8686 2.08586 16.0615 5.51453 13.0848 13.8634 4.96758
0 2.71312 999 2.50711 7.758 9.14263 4.28266 9.82744 2.75697 7.16419 7.90621 3.79522 5.79429 6.85747 4.38354 7.43033 2.6414 13.3539 4.54059 10.3719 11.4339 2.33626
0 5.20125 2.50711 999 5.3243 6.65832 4.36096 7.46279 4.6655 4.80866 5.54388 1.65412 5.19548 7.47415 5.41983 5.15723 4.55449 10.8624 5.342 7.9053 9.10978 0.49163
0 10.3336 7.758 5.3243 999 2.98412 8.61795 4.74128 9.9334 3.62008 3.75494 4.90168 8.41218 11.6638 10.2205 1.23968 9.11741 6.37227 9.98643 4.12055 3.90749 5.42189
0 11.8525 9.14263 6.65832 2.98412 999 8.54002 1.822 10.7229 2.40208 1.89172 5.50568 7.72307 11.2028 10.3816 4.22348 11.0562 4.21436 10.0308 1.29495 5.15873 6.95046
0 5.95773 4.28266 4.36096 8.61795 8.54002 999 8.38886 3.27562 6.14052 6.75084 3.78535 1.79471 3.15653 1.89974 8.91588 6.83212 12.4847 1.49753 9.4658 12.5131 4.72547
0 12.5246 9.82744 7.46279 4.74128 1.822 8.38886 999 10.9942 2.66453 1.92315 6.03836 7.23467 10.6914 10.2859 5.96913 12.0007 4.16001 9.87839 1.48122 6.80454 7.83556
0 2.94043 2.75697 4.6655 9.9334 10.7229 3.27562 10.9942 999 8.45367 9.16201 5.24948 5.06996 4.69521 2.20002 9.82214 4.44559 14.8869 2.58382 11.8337 13.7669 4.71975
0 9.86478 7.16419 4.80866 3.62008 2.40208 6.14052 2.66453 8.45367 999 0.742024 3.3809 5.36412 8.82817 7.99181 4.60715 9.35757 6.44289 7.63347 3.38835 7.01103 5.19662
0 10.6065 7.90621 5.54388 3.75494 1.89172 6.75084 1.92315 9.16201 0.742024 999 4.12176 5.84277 9.32719 8.62295 4.85572 10.0886 5.76279 8.24808 2.71958 6.82493 5.92491
0 6.48621 3.79522 1.65412 4.90168 5.50568 3.78535 6.03836 5.24948 3.3809 4.12176 999 4.06518 6.91809 5.31881 5.13066 6.12788 9.70642 5.0946 6.6739 8.80893 2.13321
0 7.71007 5.79429 5.19548 8.41218 7.72307 1.79471 7.23467 5.06996 5.36412 5.84277 4.06518 999 3.48662 3.45259 8.94986 8.41755 11.3927 2.96769 8.46988 12.1955 5.64469
0 7.61368 6.85747 7.47415 11.6638 11.2028 3.15653 10.6914 4.69521 8.82817 9.32719 6.91809 3.48662 999 2.53734 12.0377 9.07168 14.8511 2.31692 11.9527 15.5248 7.80237
0 5.14035 4.38354 5.41983 10.2205 10.3816 1.89974 10.2859 2.20002 7.99181 8.62295 5.31881 3.45259 2.53734 999 10.3746 6.53437 14.3704 0.495177 11.3418 14.1277 5.66043
0 9.8686 7.43033 5.15723 1.23968 4.22348 8.91588 5.96913 9.82214 4.60715 4.85572 5.13066 8.94986 12.0377 10.3746 999 8.46234 7.45403 10.1947 5.34948 4.00661 5.14125
0 2.08586 2.6414 4.55449 9.11741 11.0562 6.83212 12.0007 4.44559 9.35757 10.0886 6.12788 8.41755 9.07168 6.53437 8.46234 999 15.1917 6.80917 12.3364 12.3773 4.16515
0 16.0615 13.3539 10.8624 6.37227 4.21436 12.4847 4.16001 14.8869 6.44289 5.76279 9.70642 11.3927 14.8511 14.3704 7.45403 15.1917 999 13.9811 3.05491 5.74095 11.1363
0 5.51453 4.54059 5.342 9.98643 10.0308 1.49753 9.87839 2.58382 7.63347 8.24808 5.0946 2.96769 2.31692 0.495177 10.1947 6.80917 13.9811 999 10.9633 13.8926 5.61987
0 13.0848 10.3719 7.9053 4.12055 1.29495 9.4658 1.48122 11.8337 3.38835 2.71958 6.6739 8.46988 11.9527 11.3418 5.34948 12.3364 3.05491 10.9633 999 5.46942 8.21406
0 13.8634 11.4339 9.10978 3.90749 5.15873 12.5131 6.80454 13.7669 7.01103 6.82493 8.80893 12.1955 15.5248 14.1277 4.00661 12.3773 5.74095 13.8926 5.46942 999 9.13066
0 4.96758 2.33626 0.49163 5.42189 6.95046 4.72547 7.83556 4.71975 5.19662 5.92491 2.13321 5.64469 7.80237 5.66043 5.14125 4.16515 11.1363 5.61987 8.21406 9.13066 999