0 0 0 0 0 0 0 0 0 0 0 0 0 0 0 0 0 0 0 0 0 0
0 999 0.620346 0.34583 0.4263 0.627687 0.805813 0.11021 0.238096 0.652347 0.323972 12.5273 15.2523 1.36248 13.0061 3.71879 11.3914 13.969 4.06682 1.4652 12.7668 9.17142
0 0.620346 999 0.595126 0.598031 0.0315156 0.191382 0.532297 0.536823 0.391496 0.824146 12.9351 15.6101 0.962741 13.231 4.33494 11.7621 14.5093 4.67061 2.06775 13.0234 9.5378
0 0.34583 0.595126 999 0.717127 0.584616 0.780408 0.264287 0.120452 0.412479 0.668324 12.8537 15.5884 1.079 13.3519 3.81324 11.7259 14.2377 4.27331 1.69554 13.1123 9.50713
0 0.4263 0.598031 0.717127 999 0.62348 0.719839 0.459397 0.596823 0.852772 0.338083 12.3417 15.0278 1.53377 12.6989 3.95204 11.176 13.9251 4.15514 1.57415 12.4769 8.95229
0 0.627687 0.0315156 0.584616 0.62348 999 0.196256 0.536207 0.532137 0.363293 0.841429 12.9624 15.6388 0.932345 13.262 4.33829 11.7905 14.5299 4.68373 2.08056 13.0541 9.56622
0 0.805813 0.191382 0.780408 0.719839 0.196256 999 0.721661 0.727443 0.513984 0.984417 13.0196 15.676 0.945726 13.253 4.52346 11.8339 14.6449 4.83939 2.23874 13.0559 9.60928
0 0.11021 0.532297 0.264287 0.459397 0.536207 0.721661 999 0.145764 0.542212 0.424385 12.6332 15.3546 1.25276 13.0951 3.80266 11.4945 14.079 4.17083 1.57072 12.8594 9.27401
0 0.238096 0.536823 0.120452 0.596823 0.532137 0.727443 0.145764 999 0.443082 0.56186 12.7626 15.4901 1.14125 13.2396 3.8221 11.6289 14.1783 4.23993 1.64903 13.0026 9.40911
0 0.652347 0.391496 0.412479 0.852772 0.363293 0.513984 0.542212 0.443082 999 0.953881 13.1606 15.8669 0.712138 13.55 4.21998 12.0107 14.6183 4.67993 2.09198 13.3296 9.78831
0 0.323972 0.824146 0.668324 0.338083 0.841429 0.984417 0.424385 0.56186 0.953881 999 12.2105 14.9303 1.66566 12.6854 3.6158 11.0702 13.6948 3.85601 1.25944 12.4441 8.84963
0 12.5273 12.9351 12.8537 12.3417 12.9624 13.0196 12.6332 12.7626 13.1606 12.2105 999 3.06023 13.8672 4.47126 10.9647 1.48476 4.79408 9.52631 11.3353 3.7184 3.50413
0 15.2523 15.6101 15.5884 15.0278 15.6388 15.676 15.3546 15.4901 15.8669 14.9303 3.06023 999 16.5616 4.16038 13.9583 3.87057 6.61267 12.5002 14.1495 3.66886 6.08142
0 1.36248 0.962741 1.079 1.53377 0.932345 0.945726 1.25276 1.14125 0.712138 1.66566 13.8672 16.5616 999 14.1908 4.76488 12.7091 15.3165 5.33484 2.77308 13.9859 10.4856
0 13.0061 13.231 13.3519 12.6989 13.262 13.253 13.0951 13.2396 13.55 12.6854 4.47126 4.16038 14.1908 999 12.7111 3.65268 9.2615 11.2341 12.1941 0.75505 4.74085
0 3.71879 4.33494 3.81324 3.95204 4.33829 4.52346 3.80266 3.8221 4.21998 3.6158 10.9647 13.9583 4.76488 12.7111 999 10.1724 11.2366 1.48735 2.44739 12.2755 8.15443
0 11.3914 11.7621 11.7259 11.176 11.7905 11.8339 11.4945 11.6289 12.0107 11.0702 1.48476 3.87057 12.7091 3.65268 10.1724 999 5.93944 8.6977 10.279 2.92441 2.22463
0 13.969 14.5093 14.2377 13.9251 14.5299 14.6449 14.079 14.1783 14.6183 13.6948 4.79408 6.61267 15.3165 9.2615 11.2366 5.93944 999 10.1171 12.55 8.51049 6.89824
0 4.06682 4.67061 4.27331 4.15514 4.68373 4.83939 4.17083 4.23993 4.67993 3.85601 9.52631 12.5002 5.33484 11.2341 1.48735 8.6977 10.1171 999 2.60325 10.7914 6.66737
0 1.4652 2.06775 1.69554 1.57415 2.08056 2.23874 1.57072 1.64903 2.09198 1.25944 11.3353 14.1495 2.77308 12.1941 2.44739 10.279 12.55 2.60325 999 11.8872 8.08458
0 12.7668 13.0234 13.1123 12.4769 13.0541 13.0559 12.8594 13.0026 13.3296 12.4441 3.7184 3.66886 13.9859 0.75505 12.2755 2.92441 8.51049 10.7914 11.8872 999 4.19662
0 9.17142 9.5378 9.50713 8.95229 9.56622 9.60928 9.27401 9.40911 9.78831 8.84963 3.50413 6.08142 10.4856 4.74085 8.15443 2.22463 6.89824 6.66737 8.08458 4.19662 999