0 0 0 0 0 0 0 0 0 0 0 0 0 0 0 0 0 0 0 0 0 0 0 0 0 0 0 0 0 0 0 0 0 0 0 0 0 0 0 0 0 0 0 0 0 0 0 0 0 0 0 0 0 0 0 0 0 0 0 0 0 0 0 0 0 0 0 0 0 0 0 0 0 0 0 0 0 0 0 0 0 0 0 0 0 0 0 0 0 0 0 0 0 0 0 0 0 0 0 0 0 0 0 0 0 0 0 0 0 0 0 0 0 0 0 0 0 0 0 0 0 0 0 0 0 0 0 0 0 0 0 0 0 0 0 0 0 0 0 0 0 0 0 0 0 0 0 0 0 0 0 0 0 0 0 0 0 0 0 0 0 0 0 0 0 0 0 0 0 0 0 0 0 0 0 0 0 0 0 0 0 0 0 0 0 0 0 0 0 0 0 0 0 0 0 0 0 0 0 0 0
0 999 10.3544 6.33897 5.90823 4.14567 11.4852 5.84975 5.658 6.27443 6.86865 5.74415 2.20839 0.303645 9.68389 8.8103 5.99003 4.18025 3.00854 1.73046 6.11949 9.99212 6.39688 3.64683 2.5201 5.68318 6.402 6.95909 5.34575 4.60957 4.12574 4.81209 8.33236 9.44697 6.33664 4.25973 5.76952 7.41485 6.49077 6.5315 7.2253 7.19202 4.75446 3.16538 3.34431 1.7596 3.82389 11.9227 5.60552 7.02411 2.00861 5.04096 4.07001 9.39541 3.89955 2.22194 5.6959 3.16244 3.87005 7.59385 6.41202 3.39419 4.9973 4.18629 5.39693 2.82604 11.1342 3.97364 4.36241 0.631348 5.70919 9.3399 3.99932 6.33426 2.68062 10.3902 6.76491 5.71848 2.83704 7.84465 6.82695 4.76631 8.86927 7.36811 8.51712 7.64351 5.56635 1.75 6.95547 6.11396 2.09848 2.15539 6.47897 9.67139 3.55996 1.81232 5.70817 6.0203 10.3908 6.58058 5.84522 6.78229 6.32371 6.30278 7.09929 7.04569 6.81947 6.85964 6.76754 6.93478 6.37912 6.89037 6.55786 6.84042 7.08271 6.9066 7.04208 6.1917 6.32449 6.36951 7.31661 6.68404 6.95189 6.3332 6.72066 6.44708 6.68664 7.08916 6.5834 7.14358 6.19786 6.36089 6.34061 7.10914 6.46364 6.48739 6.31053 6.66085 7.07054 6.54075 6.45588 6.98884 6.42114 7.04775 6.55528 6.4012 6.27918 7.29155 6.35914 6.76015 6.51982 6.37007 6.25617 6.74814 6.7956 6.8724 6.97726 6.43198 7.24257 6.61189 6.30123 6.79056 6.96733 7.26814 6.54852 6.90286 7.05732 6.27557 6.45566 6.61383 6.06237 6.36064 6.73628 6.68767 6.56934 6.86589 6.8575 6.92892 6.90337 6.29418 6.84257 6.74472 6.60319 7.14058 6.27688 6.9002 6.25437 7.11591 6.90673 7.10217 7.06257 6.50852 6.373 6.50872 6.26138 6.79192 6.99627 7.18761 7.06796 6.63215 6.85132
0 10.3544 999 13.4525 12.9004 7.2039 5.3077 7.20069 7.73233 4.13077 3.97311 8.38716 8.26183 10.6343 2.15448 6.23501 16.3258 6.52347 10.6148 10.6326 15.6583 3.05125 14.8232 8.13394 9.90091 4.78612 4.08637 10.8725 5.81833 14.5935 14.427 8.15457 2.59788 1.28004 15.4776 14.4518 16.0154 3.00958 11.7322 6.0731 5.13951 9.99498 7.27096 13.5191 13.1955 8.86843 6.65048 5.03025 11.8239 4.86597 9.65574 15.0368 6.75486 1.13217 12.6591 12.2037 15.7192 13.2852 6.52406 4.95908 9.92977 10.2559 15.0761 7.5454 12.9858 8.99696 4.17542 14.3229 13.6757 9.84578 8.31039 1.15663 14.0539 13.8134 9.02697 1.00404 16.5973 14.2199 9.2458 2.58374 3.53459 14.94 6.05211 6.53925 5.73781 16.5143 15.9179 11.3551 14.4593 15.5115 12.3805 9.91575 12.8878 1.73899 13.734 11.6383 15.0328 6.10167 3.9272 3.77878 7.33977 16.2522 15.6108 15.7915 16.4881 16.4985 16.2551 16.4348 16.0836 16.445 15.6579 16.4364 16.186 16.3295 16.5496 16.4347 16.5973 15.7629 15.807 15.7203 16.7172 16.1662 16.265 15.7758 16.1665 16.0621 15.9226 16.4578 16.0465 16.5908 15.6379 15.7072 15.7319 16.6066 16.0698 15.9594 15.8147 15.9093 16.4383 15.7475 15.8187 16.458 16.0068 16.5949 16.0691 15.8042 15.8423 16.6917 15.841 16.1037 15.7376 15.725 15.7584 16.3016 16.2425 16.1957 16.5732 15.9274 16.6945 15.8842 15.8047 16.3838 16.4877 16.6578 15.9452 16.5684 16.3624 15.8466 15.8135 16.1563 15.5513 15.9215 16.3065 16.1441 15.7852 16.5199 16.4998 16.4857 16.4785 15.6681 16.3263 16.2448 15.8447 16.6266 15.7496 16.399 15.6737 16.452 16.3772 16.4862 16.4568 15.7898 15.7264 15.7559 15.7199 16.0683 16.5882 16.5405 16.4948 16.2276 16.2155
0 6.33897 13.4525 999 0.560803 9.79443 11.8364 6.33755 5.80146 9.67844 9.49482 5.20922 7.72293 6.15696 11.8558 8.71014 7.03314 7.37066 9.30636 7.99212 4.02732 14.3894 1.98177 9.64492 4.41352 10.009 10.5706 3.47938 10.5011 8.62962 5.87553 5.29797 12.4127 12.2218 3.26075 7.88042 8.50121 10.6042 2.21206 7.51864 8.52317 4.49721 10.5446 6.39366 4.27814 7.67542 7.59185 12.491 1.64976 8.6772 4.98478 4.84314 9.36302 12.3223 2.69091 7.46496 9.19904 7.5746 7.88989 12.7229 4.02657 3.60624 5.11023 6.02934 0.963379 9.03416 12.1014 6.34058 3.18442 6.83533 5.2716 12.8107 4.78453 0.501597 5.10533 13.9274 5.15105 1.87683 4.78737 11.5604 10.3287 5.40237 8.88014 7.50656 8.82475 3.58469 7.47337 4.6837 1.01637 3.69892 6.73668 4.66635 0.858662 12.0745 7.60706 7.49349 3.37504 7.37789 11.4928 10.33 6.20897 4.22162 3.55887 3.99923 4.23441 4.34522 4.16466 4.52044 3.86679 4.40965 3.56924 4.46792 4.47575 4.30155 4.40157 4.43477 4.58526 4.14042 3.99589 3.72051 4.40543 4.19223 3.97334 3.90794 4.12926 4.38137 3.64771 4.18297 4.09017 4.39551 3.83455 3.70632 3.79549 4.49011 4.36827 4.05764 4.03956 3.65901 4.16881 3.50359 3.79255 4.34683 4.29417 4.56939 4.19364 3.85345 4.16464 4.38732 4.01216 3.92241 3.51515 3.72991 4.00742 4.4002 4.17636 3.94611 4.64463 4.08247 4.47195 3.68173 4.03309 4.52321 4.45398 4.34816 3.91895 4.77534 4.0234 4.18211 3.78156 4.29542 3.88302 4.20127 4.43423 4.13444 3.53846 4.72288 4.68759 4.51799 4.54708 3.73338 4.29029 4.27006 3.61151 4.4836 3.94888 4.36095 3.81513 4.12874 4.29858 4.22548 4.2227 3.6434 3.72811 3.57091 3.90812 3.79586 4.64652 4.21292 4.30001 4.43593 4.02293
0 5.90823 12.9004 0.560803 999 9.27475 11.3704 5.80293 5.26826 9.11783 8.94002 4.68812 7.21439 5.74138 11.3192 8.23702 7.06601 6.81112 8.89661 7.58663 4.21988 13.829 2.32002 9.14817 3.89313 9.45212 10.0113 3.12247 9.95897 8.45 5.77935 4.74605 11.8519 11.6728 3.5198 7.71418 8.43072 10.0459 1.86497 6.98516 7.99076 4.10546 10.029 6.19564 4.0961 7.18884 7.03691 12.0184 1.13217 8.13647 4.47394 4.87222 8.83073 11.7709 2.43477 7.15118 9.07776 7.33181 7.33674 12.1742 3.57799 3.06472 5.12666 5.46869 0.733485 8.56225 11.608 6.21612 3.11014 6.38268 4.74802 12.2528 4.69282 0.944299 4.56326 13.3701 5.36395 2.05548 4.24349 10.9999 9.76824 5.38488 8.40343 7.00447 8.3329 4.00081 7.44361 4.29903 1.55926 3.90514 6.44252 4.15944 0.730068 11.5329 7.39565 7.14438 3.53282 6.83315 10.9899 9.76918 5.67614 4.48921 3.80133 4.21735 4.54013 4.63761 4.44018 4.78014 4.15311 4.68484 3.81906 4.73435 4.7017 4.57167 4.69493 4.70509 4.86262 4.33732 4.21703 3.96137 4.72614 4.44924 4.27698 4.13456 4.39442 4.59872 3.936 4.49067 4.34007 4.69648 4.04636 3.94671 4.02866 4.78114 4.58835 4.29692 4.25673 3.94314 4.47512 3.77977 4.04154 4.63228 4.51277 4.84838 4.43438 4.09192 4.37167 4.70626 4.23705 4.20452 3.78773 3.97038 4.21898 4.6534 4.44823 4.24128 4.91087 4.3133 4.77975 3.9579 4.24936 4.77452 4.73042 4.66686 4.1736 5.02528 4.33718 4.38784 4.03109 4.53797 4.07418 4.41693 4.68407 4.39515 3.81674 4.97159 4.93736 4.78606 4.81041 3.9632 4.56133 4.53023 3.89042 4.77873 4.16599 4.63486 4.03557 4.44312 4.57697 4.5321 4.52468 3.90748 3.96908 3.83892 4.1251 4.08956 4.91487 4.53066 4.59786 4.67304 4.31081
0 4.14567 7.2039 9.79443 9.27475 999 10.0659 6.21291 6.38802 3.87191 4.93447 6.87032 2.10836 4.44563 7.30197 8.3022 9.87111 3.5714 3.41867 3.67196 10.2552 6.09082 10.3059 0.930376 5.38205 2.57614 3.17682 9.09936 1.42773 7.58238 8.12628 5.92841 4.7642 6.66202 10.418 7.58032 9.14055 4.77604 9.16906 6.13049 6.25425 8.84684 0.776209 7.00179 7.48536 2.38948 2.9906 10.2867 8.59605 5.8555 4.81337 9.17438 0.747262 6.50677 7.77705 5.35081 8.69007 6.42377 2.68091 3.49017 8.23924 6.23802 9.11406 4.83392 8.95394 1.84838 9.34989 7.8616 8.43203 3.51528 6.79492 6.06488 8.13322 9.92696 4.77788 6.9477 10.9062 9.62 5.10155 4.64234 4.10079 8.85246 8.26667 7.20222 7.81233 11.6966 9.28073 5.76369 10.5983 10.2337 5.74674 5.13561 9.6653 7.12085 6.88384 4.78511 9.81115 5.61293 8.64653 3.70667 6.30051 10.9163 10.4301 10.4351 11.2275 11.1798 10.9504 11.0018 10.8837 11.0731 10.4849 11.0309 10.7016 10.9765 11.2183 11.046 11.1838 10.3306 10.4564 10.4859 11.4476 10.8185 11.0696 10.4608 10.8519 10.5899 10.79 11.215 10.7153 11.2778 10.3239 10.4765 10.4621 11.2473 10.606 10.6195 10.4444 10.7658 11.1961 10.6373 10.5749 11.1241 10.5622 11.189 10.6917 10.5248 10.4179 11.4223 10.4912 10.8799 10.6179 10.487 10.3895 10.8886 10.9275 10.9907 11.1208 10.5659 11.3778 10.7199 10.435 10.9334 11.1065 11.3977 10.6728 11.0483 11.1751 10.4149 10.574 10.7528 10.1927 10.4997 10.8777 10.8197 10.6678 11.0111 11.0024 11.0703 11.0457 10.4128 10.9782 10.8811 10.7063 11.2781 10.4073 11.0374 10.3785 11.2382 11.0416 11.2298 11.191 10.6165 10.4898 10.6114 10.3901 10.9028 11.1397 11.3125 11.1998 10.7746 10.9745
0 11.4852 5.3077 11.8364 11.3704 10.0659 999 6.01811 6.45322 6.20716 5.13401 6.84446 10.0174 11.6802 3.40906 3.13847 16.8206 7.38704 13.0114 12.4902 15.1232 8.27267 13.644 10.8905 9.87171 7.59396 7.22264 8.49782 9.07317 16.0948 14.9403 7.28278 7.04722 4.51136 14.66 15.7093 17.1462 5.51765 9.69149 5.0316 4.26011 7.4496 10.5014 14.3948 13.2983 10.6349 7.88137 0.698928 10.2475 4.49471 9.95053 15.0159 9.36829 4.80068 12.1566 13.682 17.1755 14.6456 7.99351 9.37932 7.81164 9.73458 15.1505 7.41971 11.7467 11.4241 1.1378 15.0331 13.2851 11.2106 6.8097 5.89574 14.2218 12.3042 9.15494 6.31091 16.2281 13.2019 9.20411 6.29802 6.12748 15.1607 2.98263 4.50405 3.15125 15.3609 16.6902 11.7225 12.821 14.8816 13.5512 10.0721 11.06 3.81819 15.0287 13.1949 14.4165 5.49652 1.54019 6.54377 6.09401 15.5849 14.8819 15.1975 15.7256 15.7876 15.559 15.8365 15.3134 15.789 14.916 15.8122 15.6636 15.669 15.8446 15.7952 15.9629 15.2419 15.2059 15.0251 15.9374 15.5196 15.4693 15.1461 15.4897 15.5426 15.1122 15.6826 15.3989 15.8643 15.0245 15.0104 15.0669 15.921 15.5416 15.3301 15.2305 15.1101 15.6646 14.9392 15.1197 15.7655 15.468 15.9537 15.461 15.139 15.3044 15.9144 15.2349 15.3524 14.9389 15.0324 15.1799 15.6996 15.5573 15.4168 15.9778 15.3215 15.9602 15.1065 15.2212 15.8072 15.8353 15.8759 15.2566 16.0373 15.5483 15.3149 15.1114 15.5621 14.989 15.3717 15.7186 15.4788 14.9784 15.9834 15.9546 15.8653 15.8751 14.9982 15.6617 15.6037 15.0491 15.9288 15.1479 15.7385 15.0388 15.6513 15.6953 15.7199 15.7024 15.0317 15.0325 14.9766 15.1104 15.2694 15.9875 15.7427 15.7628 15.6712 15.4664
0 5.84975 7.20069 6.33755 5.80293 6.21291 6.01811 999 0.537587 3.93971 3.36743 1.18849 5.07403 5.98239 5.5185 3.03798 10.8165 2.64153 8.08859 7.21025 9.1823 8.63864 7.91591 6.68977 3.89 4.88579 5.16531 3.75289 6.05219 10.3757 8.95322 1.26531 6.64447 5.94041 8.79619 9.90316 11.2634 4.57423 4.53177 1.18258 2.18874 3.04592 6.93072 8.49819 7.28313 5.56318 3.22969 6.58144 4.68882 2.35281 4.05824 9.00069 5.49001 6.07007 6.17246 8.0646 11.4046 8.92033 3.53204 7.76547 2.78108 3.72136 9.13268 1.69499 6.01205 6.778 6.00051 9.08063 7.29555 5.7473 1.11018 6.70297 8.2063 6.74069 3.26406 7.78525 10.2618 7.39196 3.25066 5.67906 4.5108 9.14464 3.13337 1.56774 2.87272 9.64617 10.7271 5.7675 7.3537 8.96233 7.79302 4.12724 5.71309 5.74596 9.25988 7.65444 8.48785 1.12446 5.3208 4.67132 0.142127 9.68464 8.99179 9.27226 9.85684 9.90296 9.66705 9.91947 9.44216 9.88772 9.03044 9.90204 9.7253 9.76771 9.95874 9.8892 10.0573 9.29886 9.28266 9.12647 10.077 9.61252 9.60858 9.22994 9.59114 9.60233 9.25207 9.81758 9.49072 9.98545 9.10245 9.11207 9.15984 10.03 9.60342 9.41595 9.30311 9.24602 9.79886 9.07597 9.22336 9.87487 9.53167 10.05 9.54256 9.23289 9.36607 10.0529 9.31329 9.47542 9.07238 9.13306 9.25041 9.78211 9.6621 9.54976 10.0615 9.40086 10.0849 9.23508 9.29349 9.88406 9.9335 10.0155 9.3588 10.1048 9.69498 9.37525 9.21592 9.64096 9.05326 9.43708 9.79755 9.57672 9.1152 10.0518 10.0249 9.9547 9.95987 9.09172 9.76151 9.69605 9.183 10.0417 9.22419 9.83793 9.12284 9.79461 9.80068 9.85234 9.83067 9.15284 9.13353 9.10406 9.18834 9.40729 10.0727 9.88609 9.88451 9.7414 9.59008
0 5.658 7.73233 5.80146 5.26826 6.38802 6.45322 0.537587 999 4.38412 3.87404 0.673573 5.08842 5.7668 6.05521 3.40425 10.4253 2.84121 8.04476 7.10001 8.70071 9.11474 7.39495 6.79991 3.54904 5.24619 5.57281 3.26711 6.33785 10.1193 8.58131 0.884081 7.1152 6.47445 8.29508 9.61892 10.9445 5.07159 4.00271 1.71724 2.7225 2.63473 7.12616 8.18204 6.87908 5.53408 3.39996 7.03514 4.15235 2.88979 3.78335 8.56678 5.68384 6.60109 5.70769 7.85379 11.1273 8.66923 3.7205 8.13956 2.29107 3.28769 8.70788 1.64924 5.48848 6.80953 6.48575 8.73267 6.83476 5.6117 0.590339 7.21759 7.79995 6.2071 3.00821 8.30547 9.79025 6.88 2.9473 6.16037 4.97463 8.73582 3.51923 1.95479 3.3022 9.12599 10.3688 5.43236 6.81772 8.47406 7.53776 3.81561 5.17571 6.28354 8.992 7.47011 8.00186 1.63982 5.81774 5.11165 0.407922 9.19216 8.49633 8.78593 9.35775 9.40715 9.17263 9.43138 8.94317 9.39565 8.53402 9.41216 9.24325 9.27555 9.46323 9.39826 9.56636 8.81805 8.79578 8.63312 9.57653 9.12163 9.10772 8.74106 9.09818 9.12082 8.75077 9.31773 8.99999 9.4885 8.61508 8.61863 8.66857 9.53569 9.12123 8.9267 8.81744 8.74544 9.29914 8.57505 8.72955 9.38034 9.04886 9.55861 9.05457 8.74145 8.88376 9.55258 8.82597 8.97762 8.57209 8.63988 8.7653 9.29405 9.16843 9.05005 9.5733 8.91335 9.58732 8.73592 8.80789 9.39761 9.4416 9.51495 8.86545 9.62124 9.19286 8.8934 8.72191 9.15377 8.56991 8.95368 9.31048 9.08459 8.61432 9.56789 9.54045 9.46498 9.47134 8.60023 9.26907 9.20538 8.68274 9.54654 8.7374 9.34564 8.63384 9.2932 9.30699 9.35302 9.33214 8.65511 8.64025 8.605 8.70106 8.9065 9.58413 9.38473 9.38734 9.25676 9.09224
0 6.27443 4.13077 9.67844 9.11783 3.87191 6.20716 3.93971 4.38412 999 1.12929 5.04906 4.28981 6.54478 3.5451 4.84929 12.2152 2.43023 7.01913 6.76859 11.5667 4.76707 10.8685 4.73097 5.8239 1.41739 1.32019 7.64438 2.90993 10.6685 10.3095 4.4981 2.76443 3.1737 11.4313 10.456 12.0045 1.14127 8.24229 3.18939 2.81256 6.98559 4.29802 9.43651 9.06731 4.92099 2.52 6.41474 8.11572 2.36136 5.54099 10.9082 3.2032 3.12444 8.60033 8.23787 11.7927 9.30201 2.41002 3.96812 6.66877 6.27353 10.9456 3.64918 9.0999 5.38206 5.48031 10.2243 9.58485 5.80404 4.96339 3.23878 9.92315 9.98724 4.95025 4.35601 12.4829 10.2376 5.19362 1.88303 0.653911 10.8101 4.76324 4.15766 4.29865 12.5227 11.8384 7.22468 10.6565 11.4341 8.33881 5.81152 9.22488 3.45338 9.73926 7.68668 10.9584 2.87793 4.77462 0.732462 4.07682 12.1732 11.5476 11.7064 12.4212 12.4236 12.1802 12.3451 12.022 12.3628 11.5962 12.3499 12.0889 12.2488 12.4734 12.3503 12.5109 11.6688 11.7228 11.6505 12.6508 12.085 12.2056 11.6958 12.0896 11.9655 11.8696 12.3932 11.9665 12.5173 11.5569 11.6379 11.6574 12.5271 11.9742 11.8776 11.7281 11.8545 12.3735 11.6961 11.7485 12.3808 11.9129 12.5095 11.9835 11.7291 11.7496 12.6251 11.7571 12.0388 11.6847 11.6548 11.6716 12.2133 12.1662 12.1343 12.4821 11.8427 12.6213 11.826 11.7181 12.2917 12.4046 12.5923 11.8722 12.4697 12.3051 11.7531 11.7439 12.0682 11.4641 11.8296 12.2164 12.0657 11.7331 12.4222 12.4032 12.3984 12.389 11.5951 12.2463 12.1622 11.79 12.5487 11.666 12.3177 11.5954 12.3915 12.2991 12.4198 12.3888 11.7293 11.6564 11.6994 11.6375 12.0117 12.4976 12.4787 12.4231 12.1342 12.1491
0 6.86865 3.97311 9.49482 8.94002 4.93447 5.13401 3.36743 3.87404 1.12929 999 4.54609 5.06614 7.11625 2.82082 3.76012 12.6893 2.73607 7.94836 7.57193 11.7518 5.31779 10.8521 5.75828 6.00521 2.54568 2.3821 7.11861 4.03686 11.3872 10.7718 4.20107 3.35932 2.79873 11.5329 11.1147 12.6378 1.21918 7.86085 2.39201 1.78757 6.35336 5.40316 9.98969 9.3944 5.70061 3.04777 5.38882 7.87778 1.34406 5.82935 11.229 4.23445 2.85465 8.72979 8.94482 12.503 9.98231 3.05459 4.97511 6.14833 6.29775 11.2936 3.58109 9.01299 6.33193 4.48282 10.7393 9.77438 6.46555 4.464 3.34858 10.2835 9.84683 5.14079 4.44946 12.7276 10.2536 5.33217 2.36603 1.36693 11.1972 3.66268 3.23014 3.20077 12.5479 12.3814 7.5944 10.4975 11.5898 8.96404 6.061 8.95818 2.85477 10.4045 8.41247 11.1094 2.24321 3.75528 1.70106 3.50956 12.3304 11.6769 11.877 12.5554 12.5724 12.3294 12.5242 12.1476 12.5261 11.7227 12.5219 12.2856 12.4091 12.6246 12.518 12.6824 11.8594 11.8916 11.7913 12.7837 12.2467 12.3271 11.856 12.2428 12.1612 11.9812 12.5234 12.126 12.6632 11.7194 11.7779 11.8069 12.6845 12.1676 12.0409 11.9018 11.969 12.5039 11.8053 11.8898 12.5341 12.1024 12.6791 12.1545 11.8797 11.9367 12.7583 11.925 12.1701 11.7964 11.7963 11.846 12.3895 12.3182 12.2594 12.664 12.0121 12.7665 11.9462 11.8918 12.4762 12.5695 12.7237 12.0185 12.6694 12.423 11.9421 11.8842 12.2444 11.6397 12.0147 12.3966 12.2219 11.8433 12.6197 12.598 12.5722 12.5674 11.7421 12.4054 12.3266 11.9045 12.703 11.8337 12.479 11.7524 12.5145 12.4542 12.553 12.5249 11.8535 11.7976 11.8169 11.8026 12.129 12.6783 12.6039 12.566 12.322 12.2828
0 5.74415 8.38716 5.20922 4.68812 6.87032 6.84446 1.18849 0.673573 5.04906 4.54609 999 5.42665 5.81922 6.66964 3.72937 10.1773 3.38044 8.29479 7.27706 8.27923 9.78636 6.87007 7.22001 3.45172 5.87074 6.22152 2.59671 6.90974 10.0851 8.3733 0.998248 7.78597 7.12423 7.82665 9.54594 10.814 5.74502 3.34527 2.33624 3.33006 2.0225 7.62273 8.06705 6.62348 5.82025 3.90664 7.45462 3.56091 3.53058 3.78502 8.24621 6.18635 7.25711 5.33811 7.89497 11.0592 8.64917 4.2367 8.76699 1.62052 3.02209 8.40434 2.04296 4.96001 7.15027 6.96414 8.564 6.46688 5.77125 0.0860233 7.88759 7.53481 5.63152 3.06366 8.97264 9.38862 6.38518 2.93293 6.83313 5.64448 8.46196 3.86855 2.36028 3.71734 8.60058 10.1769 5.30941 6.22481 8.03744 7.51833 3.75941 4.55171 6.91254 8.94598 7.54965 7.57209 2.30783 6.32155 5.7745 1.04809 8.74354 8.04196 8.35311 8.8922 8.94983 8.71926 8.99284 8.47875 8.94757 8.07712 8.96936 8.81931 8.82752 9.00655 8.95296 9.1208 8.39804 8.36161 8.18365 9.107 8.67703 8.63811 8.30228 8.64858 8.69841 8.28075 8.85032 8.5561 9.02814 8.18023 8.16898 8.22414 9.08178 8.69726 8.48654 8.3861 8.27734 8.8321 8.10645 8.27872 8.92625 8.62365 9.11196 8.61714 8.29642 8.46012 9.08359 8.39068 8.51618 8.10514 8.19082 8.33541 8.85588 8.71693 8.58355 9.13426 8.47739 9.1251 8.27152 8.37676 8.96305 8.99384 9.04541 8.41543 9.19281 8.71976 8.47079 8.27058 8.71798 8.14469 8.52732 8.87461 8.63705 8.14574 9.13893 9.11022 9.02246 9.03166 8.15545 8.82039 8.76114 8.21562 9.09057 8.30361 8.89714 8.19501 8.82177 8.85516 8.88689 8.86807 8.19458 8.19095 8.14117 8.2662 8.43749 9.14412 8.91328 8.92663 8.82675 8.63047
0 2.20839 8.26183 7.72293 7.21439 2.10836 10.0174 5.07403 5.08842 4.28981 5.06614 5.42665 999 2.5103 7.8102 7.70208 8.16931 2.68822 3.06752 2.50585 8.22002 7.78386 8.1984 1.96865 3.32916 3.51689 4.23738 7.35677 3.16057 6.37963 6.32703 4.43062 6.14326 7.44197 8.3401 6.19342 7.75446 5.40749 7.26381 5.38179 5.83644 7.27001 2.83099 5.31001 5.47308 0.635295 2.14311 10.37 6.60306 5.53665 2.74046 7.22665 1.88308 7.36027 5.67081 3.95601 7.50465 5.03019 2.03217 5.4353 6.58157 4.22181 7.19539 3.43919 6.86401 1.72456 9.50859 6.14469 6.35601 1.62308 5.36411 7.20911 6.1876 7.83687 2.83805 8.23343 8.93404 7.5126 3.14963 5.71063 4.77746 6.97324 7.71654 6.3815 7.30403 9.60638 7.6894 3.69385 8.5044 8.17961 4.12846 3.05668 7.64251 7.74179 5.47537 3.39949 7.74603 4.83498 8.76804 4.48743 5.12289 8.87654 8.3653 8.39423 9.17936 9.13971 8.90629 8.97851 8.82489 9.04026 8.4197 9.00322 8.68467 8.93987 9.18041 9.0157 9.15876 8.30095 8.4148 8.42821 9.40246 8.77971 9.01168 8.41399 8.8084 8.56968 8.72252 9.16438 8.67313 9.23763 8.2757 8.41832 8.4089 9.214 8.58449 8.57775 8.40578 8.69937 9.14525 8.56613 8.51919 9.08578 8.53685 9.16276 8.65643 8.47348 8.38781 9.37694 8.44983 8.82407 8.54762 8.42983 8.35011 8.86087 8.88472 8.93333 9.10193 8.52701 9.339 8.65547 8.39617 8.91252 9.07547 9.35082 8.62179 9.04125 9.11695 8.38598 8.51774 8.72235 8.14989 8.46989 8.85258 8.7774 8.59768 9.00155 8.99064 9.04461 9.02274 8.35729 8.94084 8.84537 8.6388 9.24329 8.36407 9.00265 8.32807 9.18386 9.00285 9.18115 9.14334 8.55234 8.43243 8.54386 8.34484 8.83992 9.1203 9.26062 9.15635 8.75272 8.92173
0 0.303645 10.6343 6.15696 5.74138 4.44563 11.6802 5.98239 5.7668 6.54478 7.11625 5.81922 2.5103 999 9.93459 8.96603 5.70106 4.41213 3.15539 1.84968 5.82587 10.2942 6.14802 3.93207 2.50769 5.97656 6.69467 6.92303 5.64939 4.42404 3.82953 4.9082 8.62844 9.71527 6.0567 4.03897 5.53003 7.68584 6.40282 6.70404 7.42261 7.19968 5.04774 2.89182 3.04962 2.06155 4.07751 12.1281 5.49054 7.23412 2.04472 4.73786 4.3736 9.66784 3.66836 2.08701 5.49532 2.96897 4.13673 7.89687 6.41325 3.34426 4.69366 4.33866 5.20732 3.09013 11.3504 3.68917 4.08828 0.930376 5.78831 9.62601 3.69616 6.13333 2.76603 10.68 6.46296 5.47299 2.89154 8.13199 7.10406 4.46346 9.03045 7.51534 8.68726 7.36786 5.29366 1.5145 6.74452 5.8252 1.87473 2.14786 6.33094 9.92942 3.3494 1.73968 5.42397 6.20079 10.6079 6.86348 5.97126 6.48907 6.03818 6.01026 6.80776 6.75235 6.52721 6.56323 6.47935 6.64002 6.09368 6.5947 6.2606 6.54648 6.78888 6.61139 6.74586 5.89687 6.03211 6.08148 7.02418 6.3907 6.66321 6.04211 6.42834 6.15039 6.40155 6.79828 6.29092 6.85018 5.9073 6.07305 6.05126 6.81437 6.16716 6.19489 6.01748 6.37541 6.77974 6.25732 6.16713 6.69515 6.12534 6.75174 6.26129 6.11124 5.98438 6.9992 6.06668 6.47104 6.23607 6.0819 5.96334 6.45255 6.50305 6.58362 6.68008 6.13888 6.94881 6.32577 6.00824 6.49379 6.67222 6.97615 6.2583 6.60409 6.76857 5.98054 6.16708 6.31885 5.77058 6.06571 6.44025 6.39511 6.28545 6.56745 6.55936 6.63288 6.60687 6.0056 6.54879 6.45069 6.31822 6.84607 5.98496 6.60585 5.96434 6.82598 6.61319 6.81078 6.77096 6.22247 6.08487 6.22393 5.96998 6.505 6.69917 6.89696 6.77534 6.33562 6.56125
0 9.68389 2.15448 11.8558 11.3192 7.30197 3.40906 5.5185 6.05521 3.5451 2.82082 6.66964 7.8102 9.93459 999 4.1134 15.5033 5.55342 10.5533 10.304 14.4427 4.91318 13.3811 8.20256 8.74211 4.72619 4.19011 9.02541 6.10118 14.1723 13.5853 6.62535 3.65759 1.11072 14.1628 13.921 15.4509 2.52622 9.98612 4.33923 3.33958 8.08887 7.58966 12.8104 12.1723 8.44476 5.86008 3.32054 10.2073 3.19132 8.61302 13.9981 6.69223 1.40057 11.4042 11.7326 15.2926 12.7811 5.84059 6.0417 8.12006 8.93134 14.0739 6.24 11.4943 8.91202 2.36019 13.5591 12.48 9.26499 6.60083 2.502 13.071 12.2542 7.89438 3.09556 15.4524 12.8202 8.05761 3.00128 3.2022 13.9915 3.92563 4.5943 3.64358 15.1024 15.2022 10.3932 12.8718 14.261 11.7763 8.82817 11.2212 0.434166 13.2084 11.1913 13.7802 4.50948 1.90024 3.5968 5.64836 14.9986 14.3278 14.5572 15.2049 15.233 14.9916 15.2072 14.7928 15.1976 14.371 15.1998 14.9818 15.0792 15.2867 15.1929 15.3592 14.5536 14.5705 14.4502 15.4308 14.9186 14.9678 14.5289 14.9085 14.8573 14.6162 15.1699 14.797 15.321 14.3948 14.4364 14.4723 15.351 14.8621 14.7151 14.5841 14.6064 15.1506 14.4394 14.5486 15.1982 14.7945 15.3545 14.8336 14.5455 14.6282 15.4059 14.6031 14.8195 14.4326 14.4559 14.529 15.0711 14.9826 14.9033 15.3483 14.6907 15.4233 14.5882 14.5742 15.1631 15.2421 15.37 14.6804 15.3659 15.0602 14.6347 14.5423 14.9266 14.3247 14.7043 15.081 14.8898 14.4781 15.3149 15.2915 15.2511 15.2497 14.406 15.0745 15.0001 14.5422 15.3671 14.5121 15.1495 14.4237 15.1554 15.1201 15.2016 15.1759 14.4992 14.4568 14.4577 14.4793 14.7676 15.3616 15.2459 15.222 15.012 14.9334
0 8.8103 6.23501 8.71014 8.23702 8.3022 3.13847 3.03798 3.40425 4.84929 3.76012 3.72937 7.70208 8.96603 4.1134 999 13.8294 5.02227 10.7695 10.0394 12.004 8.6008 10.5058 8.98292 6.92539 6.22037 6.1404 5.43339 7.67151 13.3812 11.98 4.27183 6.84205 5.01454 11.5261 12.928 14.3002 4.75303 6.58976 2.32607 2.07299 4.39892 8.89963 11.535 10.283 8.26896 5.60161 3.7816 7.11183 2.50894 7.08888 11.9558 7.55683 5.25761 9.06406 11.0322 14.4241 11.9241 5.81022 8.72206 4.69345 6.68622 12.1036 4.62741 8.60828 9.30141 3.45685 12.1168 10.1933 8.63774 3.70108 6.24356 11.2034 9.17341 6.29134 7.1002 13.1171 10.065 6.28841 5.87205 5.10882 12.1385 0.197231 1.47027 0.568859 12.2239 13.7606 8.80493 9.70167 11.7567 10.8026 7.16504 7.94685 4.50309 12.2756 10.5926 11.2947 2.87028 2.96233 5.46074 3.08598 12.4554 11.7514 12.0737 12.5915 12.6555 12.4281 12.71 12.1799 12.6594 11.7848 12.6843 12.5428 12.5396 12.7125 12.6665 12.834 12.1231 12.0816 11.8959 12.8024 12.3914 12.3345 12.0202 12.36 12.4225 11.9777 12.5481 12.271 12.7313 11.9001 11.8812 11.9392 12.7896 12.4209 12.2035 12.1073 11.9759 12.5303 11.8051 11.99 12.6342 12.3469 12.8245 12.3353 12.0111 12.184 12.7795 12.1101 12.2196 11.8051 11.9033 12.0572 12.5734 12.427 12.2827 12.851 12.1964 12.8266 11.9731 12.098 12.6822 12.7058 12.7409 12.1269 12.9144 12.4128 12.195 11.9815 12.4368 11.8683 12.2502 12.5932 12.3497 11.8443 12.8603 12.8311 12.7375 12.7482 11.8705 12.5321 12.4756 11.9152 12.7969 12.0238 12.6088 11.913 12.5161 12.5648 12.5857 12.5686 11.8994 11.9033 11.8436 11.986 12.1349 12.8604 12.6073 12.6298 12.548 12.3334
0 5.99003 16.3258 7.03314 7.06601 9.87111 16.8206 10.8165 10.4253 12.2152 12.6893 10.1773 8.16931 5.70106 15.5033 13.8294 999 9.95327 7.11079 6.26777 3.32285 15.9075 5.40374 9.13633 6.95127 11.6712 12.3908 9.89354 11.2077 3.32015 1.91802 9.56151 14.3122 15.3705 4.19672 2.75536 2.0096 13.3554 8.77908 11.8036 12.6776 10.6657 10.3103 2.87522 3.55394 7.63126 9.70954 17.3514 7.74453 12.5824 6.93808 2.19477 9.96203 15.3385 5.02195 4.60757 3.04424 3.65383 9.80691 13.3558 9.92801 7.15891 1.94126 9.45214 6.34729 8.14279 16.6716 2.02556 4.01155 6.54643 10.1869 15.3266 2.64683 6.6247 7.71047 16.3802 2.68985 5.19158 7.62685 13.833 12.7917 1.74774 13.9401 12.3706 13.6875 5.09716 0.907359 5.14004 6.76831 3.64157 4.12443 6.77361 7.77813 15.5374 3.24228 5.13881 3.77 11.3814 15.9455 12.5616 10.7531 3.61809 3.90497 3.46469 3.90035 3.74195 3.70572 3.3973 3.94658 3.57422 3.93217 3.47656 3.1821 3.5922 3.72412 3.52369 3.50762 3.25421 3.48249 3.78042 3.95947 3.56276 4.0088 3.57422 3.6545 3.18994 4.08788 3.93952 3.58023 3.79046 3.5588 3.78822 3.6884 3.66543 3.21531 3.5381 3.43032 4.05627 3.93485 4.11047 3.77178 3.68577 3.25706 3.52848 3.45733 3.67397 3.28627 3.95027 3.49023 3.88706 4.0839 3.77175 3.42616 3.41493 3.67345 3.96244 3.38726 3.47304 3.8186 3.99571 3.43046 3.33221 3.56211 3.96301 3.71893 3.18916 4.06064 3.2666 3.78221 3.40447 3.43289 3.30552 3.37144 3.62182 4.09904 3.2057 3.23239 3.46395 3.41183 3.71776 3.60502 3.5386 4.05577 3.70318 3.49693 3.58915 3.61291 4.01746 3.65536 3.91171 3.87564 3.95341 3.77549 4.02268 3.52675 4.03512 3.4038 4.00898 3.80694 3.28168 3.87016
0 4.18025 6.52347 7.37066 6.81112 3.5714 7.38704 2.64153 2.84121 2.43023 2.73607 3.38044 2.68822 4.41213 5.55342 5.02227 9.95327 999 5.75196 5.11032 9.14224 7.02488 8.46158 4.07977 3.39391 2.67301 3.20039 5.81485 3.53753 8.76102 8.03592 2.53126 5.06744 5.46092 9.00145 8.43993 9.94216 3.51518 6.16774 2.71488 3.16078 5.39834 4.29421 7.26615 6.69003 3.27794 0.601664 7.78271 5.87674 2.89254 3.13461 8.53015 2.85175 5.4633 6.17015 6.32665 9.86311 7.33027 0.890505 5.52014 4.88206 3.87371 8.58308 1.46168 6.73199 4.2888 6.96714 8.00628 7.15959 3.84038 3.29952 5.66873 7.5672 7.64593 2.52004 6.78616 10.074 7.82215 2.76704 4.28292 3.07688 8.47345 5.03135 3.74931 4.61602 10.1017 9.65207 4.87052 8.32317 9.00565 6.27797 3.39249 6.99618 5.58614 7.73796 5.82177 8.52937 2.16899 6.22288 3.00042 2.73007 9.74518 9.11756 9.27982 9.99145 9.99492 9.75142 9.92008 9.59191 9.93556 9.16611 9.92383 9.66692 9.82121 10.0449 9.92361 10.0848 9.24534 9.29594 9.22098 10.221 9.65746 9.77545 9.26789 9.66117 9.54328 9.4394 9.96328 9.53868 10.0884 9.12923 9.20829 9.22848 10.0993 9.55152 9.45019 9.30197 9.42423 9.94365 9.26597 9.319 9.95244 9.48941 10.0831 9.5571 9.3003 9.32559 10.1954 9.33015 9.60886 9.25448 9.22528 9.24548 9.7878 9.73767 9.70423 10.0576 9.41599 10.1924 9.39576 9.29194 9.86751 9.97756 10.1625 9.44312 10.0486 9.87491 9.32944 9.31435 9.64256 9.03805 9.40529 9.79153 9.63759 9.30292 10.0006 9.98101 9.97259 9.96394 9.16594 9.81849 9.73498 9.35982 10.1205 9.23897 9.89023 9.16712 9.96139 9.87096 9.99003 9.95922 9.29919 9.22688 9.26918 9.21019 9.58144 10.0729 10.0486 9.99394 9.71058 9.71927
0 3.00854 10.6148 9.30636 8.89661 3.41867 13.0114 8.08859 8.04476 7.01913 7.94836 8.29479 3.06752 3.15539 10.5533 10.7695 7.11079 5.75196 999 1.31575 8.40051 9.37565 9.13793 2.4961 5.44004 5.89647 6.55305 9.86015 4.83703 4.34037 5.67071 7.30244 8.17793 10.0104 8.82252 4.50983 5.99737 8.04645 9.47776 8.44905 8.8832 9.97253 3.54265 4.43952 5.75313 2.52676 5.19047 13.3243 8.61183 8.56347 4.86411 7.03616 3.89236 9.87492 6.75178 2.56587 5.40093 3.46001 5.03289 6.61473 9.22209 6.35228 6.88869 6.41172 8.35201 1.64305 12.4307 5.25761 6.96328 2.66092 8.24254 9.48064 6.07474 9.26296 5.35283 10.3629 8.75139 8.48592 5.59397 8.04159 7.37473 6.53437 10.7828 9.44183 10.3673 10.1529 6.37436 4.6301 9.855 8.4842 3.25043 5.08016 9.48266 10.4178 3.89166 2.14979 8.15753 7.90234 11.6995 7.01046 8.12481 9.04995 8.73717 8.59983 9.39182 9.30293 9.1057 9.04979 9.12827 9.16352 8.79232 9.09846 8.73533 9.09087 9.32805 9.12563 9.23141 8.44373 8.62355 8.74397 9.58551 8.95205 9.29971 8.65658 9.00867 8.6442 9.09693 9.39445 8.87215 9.39676 8.53498 8.7386 8.69423 9.33245 8.66573 8.77877 8.59684 9.06673 9.37782 8.97778 8.81606 9.24018 8.64188 9.24222 8.81354 8.74255 8.52869 9.56263 8.65555 9.106 8.95298 8.74214 8.54869 8.96293 9.07671 9.22072 9.14273 8.71316 9.4851 9.00912 8.58886 8.97359 9.18667 9.54729 8.88096 9.02191 9.40144 8.5199 8.81867 8.8477 8.38151 8.60427 8.94031 8.97179 8.99944 8.99702 8.99835 9.12633 9.08994 8.66195 9.09633 8.99592 9.01732 9.36899 8.58647 9.13941 8.59897 9.43806 9.16384 9.39737 9.35471 8.90948 8.74567 8.92768 8.58133 9.17243 9.16313 9.49461 9.33973 8.82711 9.17795
0 1.73046 10.6326 7.99212 7.58663 3.67196 12.4902 7.21025 7.10001 6.76859 7.57193 7.27706 2.50585 1.84968 10.304 10.0394 6.26777 5.11032 1.31575 999 7.20875 9.76248 7.84435 2.87738 4.22512 5.84647 6.55092 8.66631 5.07252 3.9657 4.64657 6.30404 8.3455 9.88916 7.58172 3.91032 5.47442 7.86692 8.22119 7.71622 8.26937 8.84774 4.04811 3.44693 4.50459 1.87224 4.61183 12.8607 7.33068 7.99721 3.67614 5.90827 3.91624 9.78879 5.43921 1.68443 5.08932 2.75182 4.53224 7.11917 8.07959 5.11713 5.78831 5.51526 7.03694 1.87883 12.0085 4.30275 5.68803 1.50881 7.2325 9.5378 4.90902 7.94728 4.25018 10.5036 7.64589 7.18669 4.45822 8.05233 7.21838 5.46395 10.0733 8.65 9.68315 8.91166 5.62904 3.31436 8.54078 7.26994 2.18753 3.86078 8.18057 10.2209 3.21188 1.13031 6.92189 7.17772 11.2667 6.89731 7.22876 7.8662 7.51356 7.40525 8.20337 8.12359 7.91727 7.88746 7.92022 7.99118 7.56907 7.93145 7.57427 7.91208 8.15215 7.95574 8.07055 7.26002 7.4286 7.53022 8.40461 7.76757 8.09596 7.45546 7.81916 7.47697 7.876 8.20256 7.68157 8.2191 7.32951 7.52399 7.48551 8.1627 7.49729 7.58689 7.40508 7.84677 8.18529 7.74958 7.60638 8.06209 7.46813 8.07999 7.63079 7.5373 7.34629 8.381 7.46152 7.90171 7.72561 7.52898 7.35495 7.79312 7.88948 8.01641 7.98803 7.52356 8.31092 7.79105 7.39669 7.81273 8.0171 8.36335 7.67887 7.87964 8.1992 7.33883 7.60828 7.67183 7.17965 7.42401 7.77334 7.78309 7.77306 7.85108 7.84964 7.96249 7.9289 7.44941 7.91667 7.81631 7.79503 8.19804 7.3885 7.96402 7.39198 8.24187 7.98369 8.20822 8.16614 7.68994 7.53238 7.70371 7.38061 7.95949 8.00818 8.3028 8.15662 7.66185 7.97913
0 6.11949 15.6583 4.02732 4.21988 10.2552 15.1232 9.1823 8.70071 11.5667 11.7518 8.27923 8.22002 5.82587 14.4427 12.004 3.32285 9.14224 8.40051 7.20875 999 15.8722 2.16622 9.75182 5.75775 11.4084 12.0892 7.30329 11.3732 5.92068 3.05491 7.93841 14.0493 14.5466 0.880227 5.16679 5.16469 12.655 6.07211 10.3111 11.2843 8.22432 10.8735 4.16137 2.77651 7.86631 9.0986 15.726 5.15228 11.3037 6.0361 1.52109 10.1 14.5771 3.04015 5.92409 6.08691 5.44753 9.2997 13.6548 7.587 5.52262 1.77539 8.20478 3.5958 8.864 15.1823 3.60028 1.98283 6.75041 8.31359 14.8034 2.33324 3.55675 6.63136 15.9149 1.15004 2.16813 6.42098 13.3771 12.2045 2.19529 12.1471 10.6261 11.9855 1.92865 4.01123 4.53671 3.55287 0.338378 5.17426 5.75608 4.85774 14.5668 5.24314 6.25499 0.715122 10.0001 14.5008 12.0735 9.08502 0.663806 0.582126 0.20207 0.994724 0.92664 0.708909 0.778835 0.760795 0.820443 0.610934 0.790141 0.543109 0.721241 0.963301 0.797964 0.949895 0.120511 0.226221 0.467238 1.20173 0.565134 0.91185 0.285621 0.61051 0.420116 0.818125 0.994443 0.472822 1.02438 0.235961 0.472662 0.379077 0.993985 0.421485 0.378438 0.19645 0.784161 0.977547 0.798719 0.486103 0.869344 0.351894 0.950979 0.436623 0.389401 0.185466 1.17729 0.256138 0.72426 0.770925 0.459579 0.149934 0.64986 0.682009 0.835983 0.915388 0.315409 1.12309 0.719108 0.188351 0.725455 0.856754 1.1571 0.499139 0.925099 1.00879 0.193093 0.494116 0.506476 0.145704 0.263191 0.650071 0.574839 0.793802 0.873163 0.848921 0.835848 0.823014 0.397111 0.723127 0.625951 0.764964 1.02349 0.203396 0.78276 0.292786 1.03804 0.787323 0.99948 0.9575 0.652129 0.463557 0.71324 0.218427 0.827637 0.930881 1.09469 0.952452 0.570282 0.781412
0 9.99212 3.05125 14.3894 13.829 6.09082 8.27267 8.63864 9.11474 4.76707 5.31779 9.78636 7.78386 10.2942 4.91318 8.6008 15.9075 7.02488 9.37565 9.76248 15.8722 999 15.4424 6.93649 10.2969 4.48018 3.84241 12.3818 4.70537 13.6532 14.1005 9.26476 2.00392 3.80707 15.8605 13.6711 15.23 4.1003 13.0094 7.70934 6.99089 11.6613 5.83304 13.0325 13.1949 8.28334 6.88263 8.05258 12.8583 6.59292 9.89545 14.989 5.94681 3.52013 13.0467 11.4385 14.7487 12.5141 6.6309 2.81727 11.4058 10.8843 14.9706 8.37798 13.7535 7.92162 7.16011 13.8846 13.9256 9.39426 9.70152 2.42596 13.9556 14.6708 9.45416 2.0948 16.6701 14.7856 9.73783 2.96142 4.14606 14.7565 8.44361 8.47729 8.04673 17.0338 15.3539 11.3554 15.3477 15.7869 11.7962 10.2026 13.9728 4.48366 12.9742 10.8706 15.3266 7.52811 6.8065 4.07413 8.77953 16.5113 15.9369 16.032 16.7899 16.7706 16.5303 16.6461 16.4091 16.6886 15.9887 16.6622 16.366 16.581 16.816 16.6693 16.8214 15.9634 16.0507 16.0216 17.0181 16.4177 16.596 16.0373 16.4351 16.2466 16.2787 16.7682 16.3045 16.8673 15.8973 16.0102 16.0155 16.8594 16.2589 16.2114 16.0484 16.2597 16.7486 16.1111 16.1171 16.7216 16.205 16.8231 16.3036 16.0843 16.0483 16.9923 16.0857 16.4175 16.0964 16.0246 15.9918 16.5213 16.5122 16.5206 16.7764 16.1676 16.9708 16.2237 16.0385 16.5851 16.7271 16.9626 16.2315 16.7352 16.6992 16.0489 16.114 16.3786 15.7862 16.1302 16.518 16.4073 16.1461 16.6921 16.6778 16.7071 16.6906 15.9579 16.5803 16.4894 16.1964 16.8853 15.9966 16.6472 15.9433 16.7769 16.6385 16.7901 16.7554 16.123 16.0267 16.1028 15.9727 16.4107 16.7937 16.8598 16.7791 16.425 16.5226
0 6.39688 14.8232 1.98177 2.32002 10.3059 13.644 7.91591 7.39495 10.8685 10.8521 6.87007 8.1984 6.14802 13.3811 10.5058 5.40374 8.46158 9.13793 7.84435 2.16622 15.4424 999 9.98109 5.15374 10.9747 11.6008 5.43203 11.2239 7.55149 4.64155 6.75592 13.519 13.636 1.32322 6.78106 7.09761 11.8808 4.1656 9.09172 10.0948 6.42511 11.0066 5.46649 3.48168 7.99776 8.55974 14.2817 3.40801 10.191 5.61079 3.31146 9.99934 13.7065 2.5318 6.92457 7.92476 6.75243 8.81827 13.5043 5.88545 4.59504 3.59562 7.28047 1.9101 9.22003 13.8316 5.17004 2.21714 6.98625 6.92072 14.0822 3.61797 1.48223 5.98821 15.2049 3.23241 0.686222 5.70835 12.7406 11.5218 3.96366 10.6664 9.22196 10.5683 1.73142 5.98619 4.64797 1.38679 1.82784 6.15163 5.28933 2.84016 13.5606 6.67059 7.10252 1.63527 8.87178 13.1911 11.4618 7.79942 2.25804 1.6344 2.0967 2.25318 2.36707 2.19587 2.56054 1.8934 2.43953 1.63441 2.50327 2.55132 2.33547 2.42295 2.46762 2.61299 2.26744 2.08891 1.79337 2.42428 2.23794 1.9928 1.99547 2.16848 2.4701 1.6747 2.20152 2.14437 2.4149 1.94776 1.78024 1.8769 2.51206 2.45356 2.12457 2.13724 1.68854 2.18756 1.54112 1.85328 2.3715 2.38311 2.59633 2.25633 1.926 2.27422 2.40593 2.09925 1.95113 1.55579 1.80304 2.11481 2.44707 2.20999 1.96818 2.67892 2.15965 2.49034 1.71689 2.13234 2.57052 2.48287 2.36672 1.97087 2.8215 2.04164 2.29323 1.84188 2.35442 2.03093 2.29671 2.48389 2.17745 1.5737 2.77062 2.7347 2.55183 2.58414 1.82163 2.32364 2.31208 1.64532 2.50426 2.04947 2.39191 1.91502 2.14698 2.32716 2.24413 2.24212 1.69023 1.80063 1.61505 2.01025 1.81915 2.67938 2.23132 2.32028 2.49886 2.04785
0 3.64683 8.13394 9.64492 9.14817 0.930376 10.8905 6.68977 6.79991 4.73097 5.75828 7.22001 1.96865 3.93207 8.20256 8.98292 9.13633 4.07977 2.4961 2.87738 9.75182 6.93649 9.98109 999 5.2816 3.48421 4.10232 9.28827 2.34094 6.7167 7.45201 6.2426 5.68183 7.58452 9.98279 6.75637 8.30542 5.67692 9.23085 6.74541 6.96796 9.13763 1.17444 6.28829 6.97603 1.98977 3.47858 11.1364 8.56752 6.59021 4.68356 8.58886 1.5284 7.43293 7.45263 4.56044 7.81463 5.61434 3.21162 4.24609 8.48034 6.1847 8.5063 5.18139 8.76216 0.99985 10.2094 7.14927 8.005 3.02424 7.15025 6.99385 7.55473 9.73166 4.80351 7.8668 10.3313 9.29613 5.11713 5.57237 5.00069 8.21923 8.96157 7.80533 8.5158 11.2859 8.50623 5.3562 10.3893 9.75703 5.0238 4.99144 9.59735 8.03234 6.07277 4.00666 9.3548 6.21097 9.49712 4.614 6.76287 10.4155 9.96981 9.9383 10.7371 10.6784 10.4555 10.4797 10.4113 10.5624 10.0253 10.514 10.1735 10.4713 10.7137 10.5324 10.6629 9.81963 9.96037 10.0135 10.952 10.3169 10.595 9.9722 10.3566 10.0661 10.333 10.7284 10.2189 10.7761 9.83797 10.0051 9.98281 10.7366 10.0838 10.1229 9.94454 10.307 10.71 10.1875 10.099 10.6204 10.0447 10.6696 10.1861 10.0424 9.90715 10.9272 9.9948 10.4027 10.1666 10.0139 9.89085 10.3723 10.4309 10.5154 10.5928 10.0658 10.8738 10.2576 9.9354 10.4087 10.5935 10.9048 10.1892 10.5074 10.7004 9.90261 10.099 10.2408 9.69985 9.98802 10.3584 10.3229 10.2161 10.473 10.4669 10.5508 10.5229 9.93749 10.4739 10.3753 10.2496 10.7691 9.91398 10.5295 9.89545 10.7571 10.5389 10.7403 10.7002 10.1543 10.0169 10.1552 9.89971 10.4371 10.6123 10.8274 10.7029 10.2518 10.4923
0 2.5201 9.90091 4.41352 3.89313 5.38205 9.87171 3.89 3.54904 5.8239 6.00521 3.45172 3.32916 2.50769 8.74211 6.92539 6.95127 3.39391 5.44004 4.22512 5.75775 10.2969 5.15374 5.2816 999 5.82306 6.45964 4.44208 6.12974 6.63596 5.06993 2.6658 8.39539 8.79405 5.61121 6.09585 7.39603 6.89992 4.06453 4.85275 5.74394 4.69337 6.13609 4.63535 3.4666 3.36816 3.41927 10.4003 3.29953 5.6841 0.607289 5.26673 4.95864 8.82023 2.77881 4.51412 7.60868 5.20712 3.66715 8.38834 3.9057 0.929624 5.36035 2.53213 3.59951 4.78339 9.73361 5.19139 3.77573 2.78045 3.43654 9.06259 4.38508 4.56811 0.874757 10.1794 6.72269 4.4904 0.68884 7.66261 6.46846 5.32203 7.02337 5.45631 6.74888 6.74154 6.83723 1.88345 5.24681 5.61345 4.08001 0.364966 4.31584 8.84009 5.49518 4.23759 5.13631 4.44235 9.01441 6.36601 3.83986 6.35357 5.72371 5.89087 6.5976 6.60217 6.35863 6.53396 6.19811 6.54522 5.77236 6.5356 6.28733 6.43021 6.65252 6.53428 6.69655 5.86306 5.90655 5.82729 6.82719 6.26665 6.38182 5.8766 6.26888 6.1632 6.04689 6.56937 6.1474 6.69533 5.73832 5.81456 5.83554 6.70788 6.17046 6.05961 5.91389 6.03136 6.54975 5.87397 5.92536 6.56028 6.10675 6.69434 6.16841 5.90751 5.94197 6.8015 5.94057 6.21496 5.8621 5.83164 5.85756 6.4007 6.34525 6.31043 6.67246 6.02681 6.79929 6.00234 5.90387 6.48316 6.58759 6.76856 6.04991 6.67045 6.48151 5.94652 5.92065 6.25539 5.65038 6.02094 6.40569 6.24575 5.91071 6.62143 6.60072 6.58487 6.5776 5.77271 6.42725 6.3448 5.967 6.72857 5.84928 6.49946 5.77522 6.56763 6.47904 6.59616 6.56543 5.90553 5.83321 5.87606 5.81986 6.1882 6.68738 6.6548 6.60058 6.32738 6.32539
0 5.68318 4.78612 10.009 9.45212 2.57614 7.59396 4.88579 5.24619 1.41739 2.54568 5.87074 3.51689 5.97656 4.72619 6.22037 11.6712 2.67301 5.89647 5.84647 11.4084 4.48018 10.9747 3.48421 5.82306 999 0.720625 8.41002 1.49308 9.80816 9.80544 5.13931 2.66332 4.11439 11.3813 9.68146 11.2485 2.20102 8.8335 4.36426 4.1565 7.8799 2.91321 8.8225 8.76617 4.10308 2.42689 7.76681 8.54364 3.71271 5.41539 10.5831 2.00412 3.98077 8.56664 7.42822 10.9335 8.51268 2.15648 2.89638 7.45201 6.4484 10.5842 4.11953 9.32451 4.25751 6.81657 9.65002 9.45277 5.1314 5.78538 3.70228 9.56145 10.2602 4.99123 4.71663 12.2365 10.3135 5.28421 2.20844 1.52742 10.3991 6.14545 5.39879 5.68016 12.555 11.2061 6.91527 10.9412 11.3151 7.64438 5.72255 9.66294 4.54814 8.96479 6.86047 10.8522 3.9538 6.13113 1.13071 5.01016 12.0428 11.4608 11.5649 12.3171 12.301 12.0599 12.1846 11.9336 12.2224 11.5124 12.1985 11.909 12.1136 12.3472 12.2043 12.3583 11.5019 11.5832 11.5477 12.5457 11.95 12.1203 11.5675 11.9653 11.7885 11.801 12.2945 11.8357 12.3973 11.4276 11.5361 11.5433 12.3923 11.8 11.7431 11.5822 11.7823 12.2749 11.6329 11.6436 12.2528 11.7444 12.3593 11.8378 11.6126 11.5862 12.5199 11.6182 11.943 11.6184 11.5508 11.5256 12.0582 12.0424 12.0453 12.3164 11.7008 12.501 11.747 11.5723 12.1249 12.2615 12.4898 11.7594 12.2814 12.2232 11.5873 11.6403 11.9148 11.3193 11.6679 12.0561 11.938 11.668 12.2372 12.2218 12.2441 12.229 11.485 12.1125 12.0226 11.7189 12.4175 11.5286 12.1803 11.4725 12.302 12.1699 12.3171 12.2828 11.6467 11.5529 11.6255 11.5039 11.934 12.3333 12.3854 12.3081 11.9651 12.0488
