0 0 0 0 0 0 0 0 0 0 0 0 0 0 0 0 0 0 0 0 0 0 0 0 0 0 0 0 0 0 0 0 0 0 0 0 0 0 0 0 0 0 0 0 0 0 0 0 0 0 0 0 0 0 0 0 0 0 0 0 0 0 0 0 0 0 0 0 0 0 0 0 0 0 0 0 0 0 0 0 0 0 0 0 0 0 0 0 0 0 0 0 0 0 0 0 0 0 0 0 0 0 0 0 0 0 0 0 0 0 0 0 0 0 0 0 0 0 0 0 0 0 0 0 0 0 0 0 0 0 0 0 0 0 0 0 0 0 0 0 0 0 0 0 0 0 0 0 0 0 0 0 0 0 0 0 0 0 0 0 0
0 999 0.791095 0.373947 0.551693 0.165293 0.357537 0.14337 0.719297 0.613761 0.848131 0.104337 0.692339 0.383602 0.403363 0.539488 0.163842 0.601474 0.748541 0.573267 0.304703 0.233041 0.465424 0.842316 0.54846 0.240797 0.377862 0.346243 0.299724 0.0483719 0.310872 0.476779 0.154297 0.217846 0.197082 0.389058 0.57668 0.102121 0.2875 0.511882 0.558786 0.361254 0.711771 0.252193 0.34189 0.369488 0.480814 0.512569 0.365494 0.810839 0.544447 0.550533 0.718212 0.206753 0.601133 0.294387 0.171228 0.285092 0.464676 0.342176 0.443176 0.260072 0.449997 0.67255 0.372086 0.540981 0.824614 0.608885 0.140244 0.578736 0.589784 0.415065 0.369785 0.43954 0.654526 0.679848 0.505899 0.718025 0.660471 0.637199 0.325729 9.25964 8.68201 8.7534 9.30429 9.22062 8.8312 9.21648 9.02722 8.69362 8.55727 8.25994 8.88242 9.35225 8.7456 8.57939 8.92177 8.56452 9.00544 9.33529 8.75405 9.28299 8.26379 9.28613 8.95392 9.11777 8.89247 8.41351 8.5087 8.72592 8.26956 8.76959 8.33207 8.99436 9.1818 8.32399 9.15519 8.98232 9.0139 9.15811 8.85822 9.06163 8.40525 9.05301 9.10654 9.13606 8.28383 9.24464 8.98924 9.04393 8.41209 8.87795 9.30687 8.32497 8.55302 8.43563 9.3561 8.92801 8.56398 9.27148 8.64498 9.07096 8.50329 8.41724 8.54129 8.85594 9.27473 8.43275 9.25036 8.76118 8.40509 9.16904 8.46015 9.31682 9.09576 9.22983 8.48407 8.761 8.25263 9.07024 8.38721
0 0.791095 999 0.885711 0.66829 0.954604 1.08463 0.894239 0.372871 0.194258 0.141205 0.879428 0.197933 0.800931 0.814636 0.46838 0.770168 0.747865 0.345089 0.759647 0.666618 0.616296 0.515476 0.129616 0.406911 0.617392 0.448596 0.681918 0.575771 0.786209 1.10186 0.715699 0.813334 0.957844 0.873041 0.874675 0.830231 0.872228 0.792946 0.324716 0.48644 0.824207 0.292172 0.567935 0.517091 0.553996 0.432316 0.364357 0.728932 0.082285 0.702467 0.54276 0.118524 0.990128 0.795286 0.772247 0.796731 0.583839 0.326463 1.13129 0.638885 1.00276 0.529666 0.118783 0.475945 0.920289 0.160594 0.549193 0.658441 0.28659 0.62215 0.551508 0.873348 0.578445 0.23535 0.229621 0.861959 0.251353 0.781042 0.724865 0.671425 9.81323 9.22571 9.32715 9.86623 9.80425 9.37441 9.79536 9.5909 9.25188 9.12863 8.81909 9.46992 9.93632 9.3351 9.17302 9.49494 9.1431 9.55951 9.91631 9.32633 9.86822 8.82361 9.8372 9.53513 9.67139 9.45168 8.97357 9.07446 9.31442 8.83699 9.36026 8.87367 9.56116 9.72002 8.88036 9.71736 9.53748 9.56816 9.72865 9.43005 9.64965 8.9563 9.63493 9.69362 9.70998 8.83709 9.82282 9.56366 9.60928 9.0084 9.44687 9.86931 8.88847 9.10621 9.01004 9.92642 9.47443 9.10642 9.82804 9.18384 9.65872 9.06802 8.96505 9.11566 9.43222 9.849 9.0279 9.80761 9.3336 9.00096 9.75709 9.03128 9.86059 9.63617 9.79832 9.03948 9.32127 8.80464 9.61416 8.95162
0 0.373947 0.885711 999 0.328854 0.427979 0.662492 0.281219 0.647537 0.763658 0.882846 0.323924 0.718365 0.754256 0.774664 0.82087 0.535516 0.953702 0.688059 0.290649 0.65124 0.547472 0.385749 0.881793 0.505094 0.558309 0.449569 0.204151 0.322615 0.422106 0.470947 0.830786 0.219687 0.26209 0.563154 0.762991 0.254048 0.315832 0.110031 0.561063 0.456474 0.73422 0.682894 0.367196 0.621175 0.331729 0.742443 0.524413 0.160579 0.869546 0.892011 0.412827 0.859686 0.474001 0.960971 0.664346 0.545064 0.592471 0.603102 0.530724 0.274069 0.574018 0.368364 0.783153 0.632108 0.91463 0.848394 0.453669 0.362864 0.780881 0.391958 0.339233 0.743637 0.323385 0.673864 0.692609 0.877665 0.708892 0.371109 0.376311 0.214682 9.52993 8.95752 9.01462 9.57058 9.47619 9.10674 9.47451 9.29302 8.96244 8.81996 8.52896 9.13641 9.60744 8.99871 8.83052 9.18306 8.82356 9.27582 9.59207 9.01601 9.53766 8.53248 9.55755 9.21109 9.38821 9.16058 8.68188 8.77419 8.9796 8.53459 9.02205 8.609 9.25869 9.45912 8.59423 9.42156 9.25223 9.28417 9.4204 9.12025 9.3151 8.67782 9.30968 9.36046 9.39669 8.55557 9.50299 9.24981 9.3089 8.66202 9.1414 9.57293 8.59182 8.8244 8.69698 9.61826 9.20199 8.84022 9.54036 8.92269 9.32456 8.76929 8.69127 8.8025 9.11575 9.53502 8.68328 9.51894 9.02305 8.65528 9.42236 8.72309 9.59152 9.37222 9.49305 8.75452 9.02879 8.52499 9.34516 8.65352
0 0.551693 0.66829 0.328854 999 0.675167 0.902084 0.535777 0.350517 0.610224 0.623867 0.56063 0.474802 0.862968 0.884402 0.782039 0.674312 0.997017 0.392547 0.0913628 0.722087 0.605672 0.179811 0.626008 0.262855 0.616266 0.344282 0.206572 0.290434 0.588959 0.762876 0.889183 0.437257 0.552203 0.743532 0.899084 0.163681 0.550571 0.310187 0.377693 0.182096 0.856696 0.407144 0.36761 0.622502 0.228337 0.696927 0.323075 0.203256 0.628046 0.932136 0.125702 0.682777 0.724606 1.02031 0.779769 0.694734 0.630091 0.482147 0.818057 0.110727 0.80516 0.176561 0.593251 0.611674 1.03178 0.585844 0.13879 0.45169 0.67045 0.0651156 0.185884 0.883656 0.143932 0.433749 0.443988 0.982011 0.442247 0.137645 0.0928131 0.226005 9.80486 9.22877 9.29539 9.84817 9.76042 9.37798 9.75728 9.57091 9.23831 9.09979 8.80465 9.42153 9.89191 9.28432 9.11724 9.46381 9.10565 9.55067 9.8756 9.29632 9.82243 8.80839 9.83171 9.49435 9.66302 9.43694 8.95802 9.05223 9.26489 8.8129 9.30804 8.8792 9.53753 9.72911 8.86911 9.69909 9.5274 9.55909 9.70054 9.40052 9.60054 8.95111 9.59325 9.64565 9.67787 8.82942 9.78557 9.531 9.58732 8.9494 9.42079 9.85068 8.86896 9.09853 8.97764 9.89851 9.47435 9.11094 9.81624 9.19235 9.60992 9.047 8.96355 9.08326 9.3974 9.81642 8.97032 9.79502 9.30342 8.94251 9.7079 9.00275 9.8634 9.64283 9.77261 9.02927 9.30535 8.79841 9.61686 8.93101
0 0.165293 0.954604 0.427979 0.675167 999 0.235228 0.147959 0.877384 0.774127 1.01342 0.114615 0.8573 0.426217 0.441284 0.667577 0.240736 0.669952 0.908275 0.679355 0.404224 0.369279 0.615039 1.00759 0.706467 0.374075 0.541703 0.470014 0.453572 0.170826 0.151995 0.54983 0.238498 0.180571 0.189975 0.400616 0.666856 0.124637 0.376138 0.676556 0.708741 0.39327 0.873962 0.414557 0.48327 0.519701 0.620148 0.675128 0.475198 0.97587 0.622128 0.693754 0.87804 0.0494424 0.657382 0.350377 0.2275 0.418652 0.628547 0.177056 0.57284 0.146921 0.598396 0.835884 0.518273 0.553221 0.989832 0.750875 0.304807 0.731284 0.721486 0.562153 0.379937 0.580685 0.819085 0.844292 0.534196 0.881626 0.767102 0.753058 0.453784 9.13005 8.55453 8.62023 9.17311 9.08543 8.70375 9.08217 8.89582 8.56338 8.42463 8.12973 8.74664 9.21694 8.60949 8.44258 8.78864 8.43052 8.87586 9.20054 8.62115 9.14749 8.13345 9.157 8.81928 8.98822 8.76197 8.28306 8.37713 8.59001 8.13778 8.63326 8.20516 8.86239 9.05515 8.19428 9.02403 8.85255 8.88428 9.02537 8.72536 8.92568 8.27651 8.9182 8.97076 9.0027 8.15474 9.11045 8.85584 8.91221 8.27486 8.74563 9.1756 8.19391 8.4238 8.30247 9.22334 8.79991 8.43681 9.14132 8.51845 8.93506 8.37191 8.28911 8.40809 8.72225 9.14126 8.29572 9.12008 8.62825 8.26794 9.03305 8.32759 9.18906 8.96873 9.09746 8.35447 8.63036 8.12378 8.94255 8.25594
0 0.357537 1.08463 0.662492 0.902084 0.235228 999 0.383186 1.07015 0.892902 1.16538 0.346925 1.02125 0.376119 0.380499 0.711841 0.314664 0.615687 1.09675 0.91193 0.440758 0.468336 0.822647 1.15797 0.900496 0.467482 0.720305 0.695557 0.656443 0.332839 0.251121 0.517906 0.469951 0.407267 0.211642 0.313822 0.901717 0.35654 0.609837 0.846725 0.915753 0.338046 1.0548 0.602051 0.572483 0.726806 0.690811 0.856818 0.705714 1.12019 0.587137 0.907983 0.991107 0.188518 0.58651 0.3439 0.287937 0.503728 0.770732 0.206661 0.796256 0.0976001 0.807421 0.967606 0.613163 0.434199 1.14717 0.966257 0.48868 0.825907 0.94432 0.772597 0.298033 0.796545 0.987778 1.01358 0.440365 1.05595 0.999831 0.983203 0.677196 8.90393 8.3271 8.39661 8.94805 8.86342 8.47631 8.85944 8.67091 8.33767 8.20061 7.904 8.52513 8.99504 8.38826 8.22197 8.56499 8.20754 8.64973 8.97817 8.39733 8.92575 7.9078 8.93059 8.59682 8.76207 8.53644 8.05749 8.15233 8.36862 7.91313 8.41223 7.9774 8.63789 8.82726 7.96822 8.79896 8.62654 8.65817 8.80143 8.5015 8.70431 8.04983 8.69588 8.74925 8.77923 7.92828 8.88763 8.6324 8.68752 8.05464 8.52138 8.95061 7.96875 8.19743 8.07884 8.99942 8.57286 8.2092 8.91557 8.29048 8.71365 8.14698 8.06206 8.18449 8.49903 8.91787 8.07531 8.89441 8.40445 8.04764 8.81172 8.10351 8.96181 8.74105 8.87325 8.12834 8.40493 7.89717 8.71525 8.03093
0 0.14337 0.894239 0.281219 0.535777 0.147959 0.383186 999 0.767704 0.728111 0.93487 0.0483254 0.772488 0.512802 0.531191 0.680257 0.297312 0.740478 0.801806 0.53406 0.447162 0.374457 0.49662 0.930385 0.599055 0.382776 0.455674 0.334611 0.346823 0.185098 0.234373 0.616053 0.101649 0.0749056 0.294994 0.505597 0.519226 0.044495 0.230531 0.591985 0.588897 0.485957 0.774608 0.328824 0.479736 0.404827 0.617986 0.580134 0.333282 0.904027 0.685054 0.567072 0.832621 0.195831 0.737055 0.426264 0.297421 0.426449 0.570646 0.284903 0.438254 0.29293 0.478929 0.777588 0.506817 0.660248 0.907503 0.622309 0.239598 0.705355 0.585903 0.442161 0.485221 0.454327 0.731268 0.755341 0.631506 0.787618 0.6215 0.610026 0.321519 9.27275 8.69802 8.76146 9.31518 9.22569 8.84724 9.22287 9.03782 8.70585 8.56611 8.27223 8.88662 9.35714 8.74932 8.58204 8.92989 8.57138 9.01858 9.34102 8.76251 9.28759 8.2759 9.29988 8.95982 9.13095 8.90433 8.42546 8.51907 8.72994 8.27964 8.77297 8.34886 9.00415 9.1989 8.33698 9.16611 8.99519 9.02698 9.16679 8.86673 9.06557 8.41956 9.05865 9.11073 9.14384 8.29766 9.2512 8.99697 9.05406 8.4141 8.88724 9.31764 8.33607 8.56667 8.44372 9.36474 8.94317 8.5804 9.28381 8.66225 9.07497 8.51394 8.43238 8.54932 8.86325 9.28234 8.43507 9.26252 8.7696 8.40723 9.17291 8.46911 9.33243 9.11236 9.23903 8.49719 8.77267 8.2668 9.08595 8.39802
0 0.719297 0.372871 0.647537 0.350517 0.877384 1.07015 0.767704 999 0.408974 0.288538 0.773509 0.183297 0.901421 0.920686 0.677761 0.777454 0.948233 0.0420367 0.436295 0.748198 0.649833 0.274588 0.293435 0.170982 0.656953 0.352627 0.459115 0.424331 0.737653 1.00092 0.871266 0.668127 0.810347 0.872466 0.960385 0.510908 0.763981 0.586917 0.249385 0.191349 0.910179 0.0811388 0.468532 0.602823 0.362907 0.604167 0.218962 0.490538 0.309903 0.888514 0.236964 0.434425 0.923382 0.985775 0.838974 0.803711 0.64614 0.375105 1.0464 0.373473 0.974753 0.292941 0.347465 0.571763 1.05716 0.249793 0.212414 0.582165 0.507652 0.290009 0.328966 0.9511 0.329319 0.165722 0.155269 0.999628 0.121649 0.433407 0.379645 0.461671 9.94158 9.35962 9.44295 9.98955 9.91396 9.50869 9.90811 9.71305 9.37717 9.24584 8.94363 9.57701 10.0458 9.44083 9.27598 9.61117 9.25578 9.68746 10.0277 9.44305 9.97692 8.94775 9.96706 9.6463 9.79966 9.57649 9.09764 9.1951 9.4208 8.95649 9.46524 9.00862 9.68138 9.85736 9.00661 9.84049 9.66477 9.696 9.84662 9.54709 9.75646 9.08575 9.74568 9.80106 9.82583 8.96517 9.93602 9.67913 9.73041 9.10953 9.56573 9.99233 9.01041 9.23447 9.12529 10.0446 9.60688 9.24101 9.95461 9.32054 9.7657 9.18929 9.09643 9.23098 9.54647 9.96468 9.1298 9.93376 9.45024 9.10237 9.86392 9.14859 9.99477 9.7722 9.91759 9.16638 9.44538 8.93345 9.74814 9.07303
0 0.613761 0.194258 0.763658 0.610224 0.774127 0.892902 0.728111 0.408974 999 0.305171 0.707885 0.237887 0.608495 0.622863 0.29451 0.579163 0.577425 0.399763 0.697952 0.472406 0.425046 0.434891 0.294874 0.357246 0.425447 0.314256 0.567176 0.441517 0.60383 0.923931 0.530954 0.656626 0.796127 0.681623 0.681511 0.760713 0.701563 0.661351 0.232533 0.442378 0.630804 0.335793 0.413927 0.323164 0.440991 0.244145 0.287693 0.61752 0.247931 0.526066 0.493419 0.104671 0.806872 0.621975 0.578004 0.605397 0.390468 0.162841 0.949485 0.551205 0.813167 0.443908 0.0887736 0.281997 0.734177 0.303787 0.520166 0.488652 0.107941 0.579964 0.4543 0.679702 0.490387 0.243481 0.258073 0.675398 0.304482 0.739967 0.684992 0.551533 9.63455 9.04822 9.14578 9.68646 9.62175 9.19702 9.61344 9.41086 9.07247 8.94751 8.63946 9.28689 9.75378 9.15181 8.98921 9.31367 8.9611 9.38071 9.73414 9.14514 9.68553 8.6439 9.65886 9.35287 9.49268 9.27219 8.79386 8.89405 9.13124 8.6563 9.17683 8.69637 9.38071 9.54339 8.70111 9.53754 9.35853 9.38934 9.54776 9.24894 9.46658 8.77776 9.4526 9.51067 9.52866 8.65823 9.64099 9.38225 9.42903 8.82424 9.26613 9.68949 8.7083 8.92743 8.82852 9.74559 9.29663 8.92907 9.64897 9.00699 9.47569 8.88773 8.78695 8.93417 9.25055 9.66766 8.84388 9.62845 9.1524 8.81685 9.57404 8.85018 9.68324 9.45922 9.6177 8.86039 9.14161 8.62594 9.43673 8.77135
0 0.848131 0.141205 0.882846 0.623867 1.01342 1.16538 0.93487 0.288538 0.305171 999 0.926993 0.165902 0.909462 0.924807 0.59566 0.851868 0.877984 0.251534 0.713702 0.767187 0.701228 0.498144 0.0115987 0.37958 0.704193 0.479196 0.680237 0.596295 0.850774 1.15493 0.836122 0.845345 0.992124 0.954643 0.980594 0.787416 0.918826 0.801307 0.343073 0.445191 0.929377 0.217849 0.606665 0.613564 0.558452 0.549274 0.363701 0.722406 0.0609099 0.829262 0.500194 0.254911 1.05302 0.924048 0.87124 0.878981 0.676179 0.394678 1.1902 0.61803 1.07823 0.51497 0.216608 0.573408 1.03922 0.038796 0.491753 0.709589 0.409198 0.569016 0.543773 0.977164 0.56172 0.210019 0.190238 0.980394 0.181643 0.719835 0.66501 0.674526 9.9394 9.35282 9.45094 9.99149 9.92691 9.50161 9.91861 9.71592 9.37745 9.25266 8.94446 9.59203 10.0589 9.45692 9.29426 9.61882 9.26627 9.68559 10.0393 9.45029 9.99068 8.94891 9.96365 9.65804 9.79754 9.57717 9.09887 9.19914 9.43636 8.96142 9.48193 9.00093 9.68581 9.84778 9.00605 9.84257 9.66343 9.69422 9.85289 9.55408 9.77172 9.08259 9.75777 9.81581 9.83382 8.96311 9.94616 9.68741 9.73411 9.12925 9.57125 9.99452 9.01337 9.2323 9.13369 10.0507 9.60131 9.23364 9.95389 9.31144 9.78082 9.19282 9.09168 9.23933 9.55572 9.97282 9.14891 9.93338 9.45755 9.12186 9.87917 9.15532 9.98781 9.7637 9.92281 9.16532 9.44662 8.9308 9.74132 9.07643
0 0.104337 0.879428 0.323924 0.56063 0.114615 0.346925 0.0483254 0.773509 0.707885 0.926993 999 0.76679 0.464996 0.483238 0.643809 0.250781 0.694467 0.806047 0.565444 0.403741 0.337358 0.506572 0.921965 0.603293 0.345014 0.44909 0.355843 0.349432 0.141191 0.229572 0.570268 0.12394 0.116989 0.246952 0.457275 0.555288 0.0101005 0.262912 0.585554 0.599931 0.437827 0.775358 0.320851 0.445845 0.412347 0.584703 0.578269 0.360653 0.893468 0.639838 0.582309 0.812556 0.164049 0.690112 0.378939 0.249823 0.389399 0.55372 0.27291 0.458965 0.253546 0.489447 0.761714 0.475159 0.611923 0.901094 0.638878 0.221003 0.678846 0.607542 0.45287 0.436904 0.469118 0.726731 0.751361 0.583339 0.785946 0.653283 0.638535 0.340196 9.24467 8.66912 8.73477 9.28771 9.19986 8.81834 9.19666 9.01042 8.67799 8.53919 8.24435 8.86103 9.33136 8.72386 8.55689 8.90318 8.54502 8.99048 9.315 8.73571 9.2619 8.24806 9.27162 8.93375 9.10284 8.87658 8.39767 8.49172 8.7044 8.25237 8.74761 8.31974 8.97698 9.16972 8.3089 9.13863 8.96717 8.99889 9.13993 8.83991 9.04006 8.39112 9.03265 9.08514 9.11724 8.26935 9.22494 8.97038 9.0268 8.38912 8.86021 9.2902 8.30851 8.53842 8.41701 9.3379 8.91452 8.55139 9.25594 8.63301 9.04944 8.48651 8.40371 8.52263 8.83677 9.25579 8.41001 9.23469 8.7428 8.38222 9.14742 8.44216 9.30366 9.08331 9.21203 8.46908 8.74497 8.2384 9.05715 8.37054
0 0.692339 0.197933 0.718365 0.474802 0.8573 1.02125 0.772488 0.183297 0.237887 0.165902 0.76679 999 0.796166 0.813487 0.524866 0.711565 0.804712 0.165376 0.566017 0.646879 0.566546 0.33544 0.163814 0.219043 0.571138 0.317707 0.515141 0.431253 0.69886 0.995767 0.742888 0.681267 0.82809 0.812964 0.862764 0.638004 0.758333 0.635501 0.181278 0.292836 0.811392 0.103306 0.445946 0.493377 0.392594 0.460824 0.197824 0.55822 0.154555 0.749066 0.349162 0.251313 0.898642 0.846408 0.746978 0.738738 0.549319 0.260433 1.03329 0.457259 0.931011 0.351671 0.166316 0.456147 0.939629 0.135282 0.351831 0.552503 0.343387 0.42588 0.379135 0.856794 0.399289 0.0445018 0.0316964 0.880848 0.0672411 0.583742 0.527651 0.508909 9.84121 9.25673 9.34802 9.89139 9.82181 9.40566 9.8146 9.61536 9.27805 9.15024 8.84476 9.48597 9.95377 9.35037 9.18672 9.51608 9.16219 9.58722 9.93484 9.34771 9.88522 8.84905 9.86603 9.55345 9.6993 9.47761 8.999 9.09799 9.33004 8.85983 9.37511 8.90521 9.58454 9.75306 8.90699 9.74239 9.56482 9.59582 9.75079 9.45163 9.66557 8.98476 9.65303 9.70989 9.73094 8.86475 9.84232 9.58438 9.63318 9.02105 9.46947 9.89431 8.91269 9.13402 9.03054 9.94872 9.50466 9.1378 9.85502 9.21643 9.67473 9.0919 8.99459 9.13622 9.45224 9.86989 9.04098 9.83435 9.35493 9.01377 9.77304 9.05294 9.89186 9.66846 9.8212 9.06652 9.34679 8.83271 9.64528 8.97556
0 0.383602 0.800931 0.754256 0.862968 0.426217 0.376119 0.512802 0.901421 0.608495 0.909462 0.464996 0.796166 999 0.0214788 0.363332 0.219785 0.24827 0.915757 0.90916 0.153301 0.262002 0.721062 0.899947 0.751904 0.252559 0.565274 0.678413 0.572933 0.335438 0.550225 0.141789 0.536316 0.579151 0.23671 0.076813 0.929596 0.468401 0.658355 0.65269 0.800285 0.0381923 0.860236 0.496463 0.303113 0.639786 0.370772 0.685323 0.712976 0.854988 0.211792 0.816201 0.691336 0.419259 0.231285 0.0899266 0.215513 0.255553 0.537519 0.536429 0.753614 0.347286 0.712321 0.694629 0.340134 0.168898 0.90122 0.872188 0.419087 0.517444 0.881427 0.687315 0.0833443 0.72502 0.774622 0.799212 0.12383 0.847851 0.990904 0.955323 0.654364 9.04619 8.46255 8.55196 9.09582 9.02564 8.61154 9.01846 8.81969 8.48268 8.35425 8.04932 8.68983 9.1576 8.55427 8.39073 8.72004 8.36605 8.79216 9.13868 8.55169 9.08907 8.05358 9.07121 8.75729 8.90427 8.68219 8.20351 8.30221 8.53392 8.06397 8.57904 8.11123 8.78872 8.95948 8.11174 8.9468 8.76967 8.80074 8.95484 8.65562 8.86944 8.1899 8.85687 8.91375 8.93488 8.06972 9.04618 8.78831 8.83742 8.22517 8.67356 9.09871 8.11701 8.33901 8.23447 9.15277 8.71024 8.34375 9.05979 8.42276 8.8786 8.29617 8.20002 8.34015 8.65613 9.07382 8.24505 9.03907 8.55891 8.21787 8.97691 8.25695 9.09771 8.87464 9.02532 8.27134 8.5513 8.03777 8.8511 8.17983
0 0.403363 0.814636 0.774664 0.884402 0.441284 0.380499 0.531191 0.920686 0.622863 0.924807 0.483238 0.813487 0.0214788 999 0.371656 0.239687 0.238346 0.934594 0.930633 0.173021 0.282983 0.742101 0.915184 0.772025 0.273434 0.58574 0.69986 0.594333 0.355108 0.562246 0.139737 0.556433 0.596792 0.251357 0.0715716 0.950967 0.486864 0.679213 0.671748 0.820996 0.0482689 0.878698 0.51782 0.32102 0.661088 0.383354 0.705004 0.73433 0.869874 0.206797 0.837243 0.704051 0.432493 0.217729 0.110611 0.234325 0.275269 0.555448 0.54647 0.775073 0.356892 0.733451 0.709486 0.35734 0.147431 0.917177 0.893136 0.440511 0.53015 0.902708 0.708576 0.0831428 0.746355 0.792548 0.817016 0.103048 0.865801 1.01238 0.976769 0.675817 9.02828 8.44444 8.53453 9.07811 9.00845 8.59342 9.00115 8.80202 8.46489 8.33677 8.03155 8.67275 9.14042 8.53724 8.37381 8.70259 8.34874 8.77427 9.12142 8.53422 9.07192 8.03582 9.05325 8.74004 8.88637 8.66442 8.18576 8.28459 8.51686 8.0464 8.56204 8.09307 8.77112 8.94125 8.09391 8.92909 8.75181 8.78285 8.93732 8.63815 8.85237 8.17195 8.83964 8.89665 8.91745 8.05182 9.02886 8.7709 8.81979 8.20832 8.65602 9.08101 8.09934 8.3211 8.21706 9.13525 8.69218 8.32561 9.04195 8.40454 8.86152 8.27852 8.18199 8.32274 8.63876 9.0564 8.22818 9.02125 8.54145 8.20101 8.95984 8.23946 9.07959 8.85645 9.00776 8.25348 8.53355 8.01984 8.83299 8.16218
0 0.539488 0.46838 0.82087 0.782039 0.667577 0.711841 0.680257 0.677761 0.29451 0.59566 0.643809 0.524866 0.363332 0.371656 999 0.430752 0.282999 0.67729 0.856495 0.274214 0.306451 0.605196 0.584801 0.57587 0.299013 0.437872 0.662898 0.52546 0.507902 0.817139 0.252712 0.646005 0.755115 0.517505 0.440139 0.903523 0.641357 0.710858 0.446423 0.651111 0.39497 0.614102 0.460294 0.203853 0.563775 0.0851575 0.498176 0.711637 0.536089 0.234174 0.689424 0.351032 0.684552 0.328396 0.368356 0.450357 0.254421 0.315991 0.824636 0.69221 0.653572 0.605863 0.382255 0.18881 0.456671 0.597483 0.73265 0.467345 0.187142 0.772836 0.598486 0.444853 0.640647 0.519907 0.539478 0.399703 0.588592 0.919637 0.870366 0.640534 9.34525 8.75808 8.85878 9.39801 9.33591 8.90683 9.32698 9.12264 8.78374 8.66026 8.3509 9.00165 9.46798 8.86688 8.70491 9.02656 8.67473 9.0915 9.44795 8.85796 9.39989 8.35541 9.36931 9.06677 9.2034 8.98352 8.50536 8.60616 8.84617 8.36865 8.89206 8.40611 9.09285 9.25272 8.41224 9.24914 9.06943 9.10015 9.2603 8.96168 9.18138 8.48835 9.16657 9.22533 9.24161 8.36906 9.35444 9.09528 9.141 8.54038 8.97853 9.40109 8.42019 8.63821 8.54166 9.45807 9.0067 8.63885 9.35997 8.71645 9.19044 8.59973 8.49723 8.64728 8.96384 9.38062 8.55984 9.33952 8.86523 8.53292 9.28882 8.56292 9.39302 9.16875 9.32999 8.5714 8.85307 8.33665 9.14656 8.48333
0 0.163842 0.770168 0.535516 0.674312 0.240736 0.314664 0.297312 0.777454 0.579163 0.851868 0.250781 0.711565 0.219785 0.239687 0.430752 999 0.443788 0.799998 0.70978 0.163489 0.154117 0.55528 0.844229 0.612781 0.154229 0.425008 0.477713 0.393014 0.115812 0.387265 0.319855 0.316809 0.367352 0.103058 0.231462 0.722736 0.252879 0.442699 0.542061 0.643592 0.198802 0.75315 0.323457 0.26284 0.464315 0.391888 0.559377 0.506659 0.805833 0.390228 0.64815 0.678754 0.253883 0.43983 0.130622 0.0271909 0.193986 0.457301 0.394279 0.563585 0.235067 0.543114 0.652966 0.302371 0.379698 0.834785 0.706417 0.222866 0.517722 0.702198 0.512709 0.213676 0.545511 0.680339 0.706144 0.342456 0.750515 0.794663 0.764531 0.454583 9.16893 8.58865 8.66772 9.2157 9.13776 8.73778 9.13232 8.93899 8.60389 8.47088 8.17026 8.80052 9.26955 8.66421 8.4991 8.83599 8.48006 8.91476 9.25175 8.66797 9.20059 8.17429 9.1948 8.87031 9.02702 8.80305 8.32413 8.42082 8.64424 8.18202 8.68853 8.23807 8.90693 9.08731 8.23364 9.06662 8.89191 8.92327 9.07171 8.77206 8.97993 8.31359 8.96962 9.02459 9.05055 8.19268 9.1603 8.90381 8.95614 8.33251 8.79103 9.21842 8.23644 8.46196 8.35001 9.26971 8.83541 8.47028 9.18152 8.55044 8.98919 8.41514 8.32479 8.45569 8.77096 9.18936 8.35284 9.16056 8.67514 8.32538 9.08738 8.37366 9.22371 9.00177 9.14292 8.39354 8.67181 8.16115 8.97708 8.29893
0 0.601474 0.747865 0.953702 0.997017 0.669952 0.615687 0.740478 0.948233 0.577425 0.877984 0.694467 0.804712 0.24827 0.238346 0.282999 0.443788 999 0.951749 1.05889 0.302619 0.409971 0.831813 0.867014 0.827773 0.398831 0.662081 0.839648 0.713397 0.556022 0.798198 0.124701 0.745115 0.811138 0.482592 0.301872 1.09278 0.696213 0.849239 0.705755 0.894074 0.285291 0.889688 0.637453 0.375105 0.768954 0.3452 0.752002 0.882106 0.818041 0.0649136 0.923633 0.629495 0.666315 0.0508883 0.32007 0.447998 0.372764 0.574938 0.784484 0.894815 0.595059 0.828021 0.665251 0.391845 0.225482 0.880447 0.97349 0.59455 0.470132 1.00081 0.811698 0.318331 0.853212 0.796242 0.817223 0.187064 0.86681 1.1327 1.08921 0.815441 9.06585 8.478 8.58137 9.11933 9.05951 8.62669 9.05004 8.84417 8.50483 8.38264 8.07215 8.72579 9.1916 8.59129 8.4299 8.74905 8.39789 8.81218 9.17122 8.58039 9.12366 8.07672 9.0897 8.79014 8.92403 8.70466 8.22667 8.32798 8.57046 8.09069 8.61662 8.12593 8.81468 8.97219 8.13323 8.9705 8.7902 8.82084 8.98247 8.68405 8.90553 8.20888 8.89 8.94936 8.96414 8.0898 9.07741 8.81789 8.86268 8.26578 8.70059 9.12245 8.14184 8.35889 8.26439 9.18019 8.72679 8.35869 9.08082 8.43603 8.91456 8.32145 8.2175 8.36998 8.68668 9.10316 8.28508 9.06043 8.58768 8.25827 9.01295 8.28529 9.11286 8.88837 9.05194 8.29228 8.57433 8.05729 8.86644 8.20505
0 0.748541 0.345089 0.688059 0.392547 0.908275 1.09675 0.801806 0.0420367 0.399763 0.251534 0.806047 0.165376 0.915757 0.934594 0.67729 0.799998 0.951749 999 0.47814 0.762939 0.668143 0.311915 0.257214 0.202874 0.674759 0.37688 0.497762 0.456624 0.765008 1.03428 0.879341 0.702953 0.846209 0.896598 0.976722 0.552763 0.796638 0.625424 0.26352 0.231589 0.926102 0.0640193 0.496728 0.614792 0.397622 0.606664 0.240836 0.530384 0.277597 0.893249 0.278499 0.415418 0.953679 0.990739 0.856242 0.826541 0.661409 0.383163 1.07872 0.414026 1.00205 0.330315 0.331692 0.581957 1.0687 0.213077 0.254365 0.610191 0.502029 0.33188 0.365833 0.968186 0.368364 0.157972 0.141735 1.01072 0.0988307 0.473701 0.42039 0.499432 9.95942 9.37683 9.4621 10.0079 9.93378 9.52586 9.92761 9.73155 9.39531 9.26483 8.96182 9.59707 10.0656 9.46103 9.29644 9.63029 9.27524 9.70533 10.0474 9.4621 9.99684 8.96598 9.98474 9.66594 9.8175 9.59469 9.11589 9.21373 9.44092 8.97521 9.48551 9.02569 9.70008 9.87422 9.02462 9.85889 9.68271 9.71389 9.86557 9.56612 9.77656 9.10343 9.76537 9.8211 9.845 8.98298 9.95547 9.69833 9.74902 9.13017 9.58457 10.0108 9.02888 9.25228 9.14448 10.0635 9.62426 9.25814 9.97265 9.33744 9.78579 9.20785 9.11389 9.25017 9.56579 9.98388 9.15036 9.95184 9.4693 9.12298 9.88403 9.16756 10.012 9.7892 9.93641 9.18434 9.46365 8.95118 9.76536 9.09156
0 0.573267 0.759647 0.290649 0.0913628 0.679355 0.91193 0.53406 0.436295 0.697952 0.713702 0.565444 0.566017 0.90916 0.930633 0.856495 0.70978 1.05889 0.47814 999 0.774608 0.658293 0.263907 0.716113 0.353915 0.669226 0.419719 0.23214 0.345574 0.614769 0.750556 0.946875 0.441982 0.537979 0.769446 0.939086 0.0746294 0.555668 0.303569 0.46573 0.273427 0.899508 0.496365 0.422181 0.687267 0.293807 0.771391 0.411974 0.208057 0.719019 0.994017 0.217032 0.772745 0.728447 1.07914 0.82311 0.72789 0.687741 0.56444 0.808321 0.165262 0.81676 0.257435 0.683624 0.680301 1.07785 0.675488 0.224065 0.49105 0.753998 0.146296 0.258481 0.922472 0.216751 0.525089 0.535119 1.03061 0.532237 0.0879192 0.0867822 0.255631 9.80617 9.23186 9.29369 9.84814 9.75688 9.38108 9.75453 9.57071 9.23912 9.09857 8.80553 9.4175 9.88825 9.28001 9.11231 9.46212 9.10324 9.552 9.87244 9.29485 9.8186 8.80916 9.8334 9.49133 9.66438 9.43751 8.95868 9.05193 9.26075 8.81245 9.30352 8.88277 9.53684 9.73283 8.87039 9.69908 9.52857 9.56039 9.69918 9.39908 9.59634 8.95319 9.59007 9.64158 9.67596 8.83122 9.78292 9.52908 9.58685 8.94409 9.41981 9.85056 8.86911 9.1002 8.97597 9.8971 9.47691 9.11428 9.81707 9.1962 9.60576 9.04687 8.96612 9.08155 9.39524 9.8144 8.96521 9.79575 9.30193 8.93728 9.70364 9.00161 9.86621 9.64625 9.77156 9.03063 9.30581 8.80041 9.61975 8.93099
0 0.304703 0.666618 0.65124 0.722087 0.404224 0.440758 0.447162 0.748198 0.472406 0.767187 0.403741 0.646879 0.153301 0.173021 0.274214 0.163489 0.302619 0.762939 0.774608 999 0.116541 0.572804 0.758155 0.5991 0.105833 0.413494 0.547927 0.431931 0.262584 0.549646 0.179735 0.44327 0.520445 0.243402 0.215892 0.80161 0.403946 0.547613 0.499664 0.649481 0.164552 0.708028 0.354595 0.154215 0.49563 0.251227 0.532048 0.587171 0.714871 0.242183 0.667834 0.563043 0.415393 0.311362 0.105756 0.179249 0.102272 0.38694 0.552799 0.614613 0.379362 0.565117 0.555445 0.193801 0.315685 0.756505 0.722919 0.294721 0.391889 0.736211 0.542174 0.21048 0.581311 0.623659 0.648537 0.262049 0.69676 0.853484 0.814867 0.523597 9.19779 8.61454 8.70258 9.24705 9.17569 8.76355 9.1688 8.97084 8.63407 8.505 8.20066 8.83964 9.30763 8.70394 8.54012 8.87069 8.51639 8.94374 9.28889 8.70239 9.23902 8.20489 9.22292 8.90748 9.05587 8.83354 8.35482 8.45324 8.68366 8.21492 8.72863 8.26329 8.93971 9.11166 8.26321 9.09802 8.9212 8.95231 9.10563 8.80635 9.01921 8.3416 9.00702 9.06359 9.0855 8.22133 9.19656 8.9389 8.98849 8.37436 8.82444 9.24992 8.26815 8.49062 8.38504 9.30358 8.86212 8.49578 9.21126 8.57491 9.02839 8.44725 8.35184 8.49073 8.80661 9.22442 8.39433 9.19051 8.7096 8.36709 9.12669 8.4077 9.2497 9.02674 9.17623 8.42285 8.7026 8.18943 9.00308 8.33093
0 0.233041 0.616296 0.547472 0.605672 0.369279 0.468336 0.374457 0.649833 0.425046 0.701228 0.337358 0.566546 0.262002 0.282983 0.306451 0.154117 0.409971 0.668143 0.658293 0.116541 999 0.459131 0.693236 0.493721 0.0111658 0.305224 0.432715 0.315422 0.203152 0.521099 0.29124 0.350197 0.449363 0.256771 0.312376 0.686513 0.334978 0.440878 0.405406 0.538722 0.263703 0.61688 0.238104 0.114103 0.379726 0.251324 0.431211 0.473277 0.653703 0.346644 0.554273 0.524926 0.393623 0.423957 0.189785 0.180471 0.0520632 0.308141 0.536977 0.498073 0.388566 0.450669 0.499458 0.150943 0.428984 0.685803 0.610186 0.185317 0.366565 0.620834 0.426653 0.301823 0.465346 0.538309 0.563894 0.377115 0.610187 0.736949 0.698432 0.408385 9.29182 8.70979 8.79397 9.34001 9.2657 8.85886 9.25947 9.06357 8.72752 8.59671 8.29399 8.92908 9.39758 8.79309 8.62865 8.96216 8.60711 9.03771 9.37926 8.79398 9.3288 8.29813 9.31726 8.99783 9.1499 8.92686 8.44803 8.5457 8.77295 8.30716 8.81761 8.3588 9.03203 9.20757 8.3569 9.19095 9.01504 9.04625 9.19746 8.898 9.10858 8.43596 9.09727 9.1531 9.17686 8.31541 9.28734 9.03019 9.081 8.46249 8.91648 9.34281 8.36091 8.58471 8.47634 9.39544 8.95705 8.59119 9.30491 8.67075 9.1178 8.53985 8.4466 8.58203 8.89765 9.31574 8.48263 9.28408 8.80117 8.45529 9.21605 8.49945 9.34493 9.12239 9.26833 8.51666 8.79578 8.28367 9.0983 8.42357
0 0.465424 0.515476 0.385749 0.179811 0.615039 0.822647 0.49662 0.274588 0.434891 0.498144 0.506572 0.33544 0.721062 0.742101 0.605196 0.55528 0.831813 0.311915 0.263907 0.572804 0.459131 999 0.497646 0.119345 0.468842 0.170388 0.187272 0.166531 0.492022 0.730847 0.730075 0.395853 0.536283 0.639331 0.766503 0.325971 0.496751 0.314193 0.203971 0.0937441 0.720289 0.298537 0.231908 0.457095 0.0959756 0.520341 0.153402 0.225213 0.489022 0.767311 0.0951419 0.514118 0.662757 0.858697 0.644033 0.579116 0.47483 0.302337 0.778788 0.123414 0.725369 0.0184007 0.42739 0.441503 0.887875 0.463071 0.15193 0.338535 0.490923 0.169402 0.0546775 0.753301 0.0638603 0.291156 0.308239 0.834848 0.323192 0.316077 0.265331 0.187557 9.71977 9.14071 9.2157 9.76541 9.68389 9.28987 9.67934 9.4885 9.1542 9.0193 8.72054 9.34597 9.81558 9.20929 9.04336 9.38404 9.02725 9.46558 9.79835 9.2162 9.7464 8.72447 9.74594 9.41695 9.57787 9.35321 8.87425 8.97011 9.18953 8.73111 9.23337 8.79038 9.45598 9.63985 8.78426 9.61632 9.44259 9.47406 9.62015 9.32034 9.52524 8.86486 9.51611 9.57008 9.59843 8.74371 9.70743 9.45164 9.50539 8.87623 9.33978 9.76806 8.78609 9.01295 8.89795 9.81815 9.38714 9.02248 9.73197 9.10299 9.53455 8.96459 8.87643 9.00362 9.3185 9.73716 8.89681 9.71093 9.22335 8.8692 9.63266 8.92214 9.77568 9.55411 9.69167 8.94426 9.22184 8.71234 9.52906 8.84845
0 0.842316 0.129616 0.881793 0.626008 1.00759 1.15797 0.930385 0.293435 0.294874 0.0115987 0.921965 0.163814 0.899947 0.915184 0.584801 0.844229 0.867014 0.257214 0.716113 0.758155 0.693236 0.497646 999 0.379488 0.696072 0.474768 0.678834 0.592948 0.844396 1.14962 0.825776 0.841453 0.988178 0.947074 0.971287 0.789642 0.913866 0.799252 0.33898 0.446612 0.920104 0.2211 0.601927 0.604688 0.556306 0.539016 0.361252 0.721467 0.049486 0.818497 0.501901 0.243429 1.04691 0.913172 0.862375 0.87132 0.667646 0.387246 1.18445 0.618118 1.07117 0.514298 0.206465 0.56442 1.02902 0.0443311 0.494787 0.704071 0.398485 0.571833 0.542594 0.968004 0.561339 0.208207 0.189419 0.970218 0.183885 0.72361 0.668593 0.672722 9.92883 9.34218 9.44055 9.98099 9.91661 9.49096 9.90826 9.70544 9.36692 9.24225 8.93395 9.58177 10.0486 9.44668 9.28407 9.60843 9.25593 9.67503 10.029 9.43989 9.98039 8.93841 9.95306 9.64772 9.78697 9.56666 9.08837 9.18869 9.42611 8.95098 9.4717 8.99028 9.67536 9.8371 8.99552 9.83207 9.65288 9.68366 9.84247 9.54368 9.76146 9.07201 9.74745 9.80555 9.82343 8.95256 9.9358 9.67702 9.72364 9.11908 9.56082 9.98402 9.0029 9.22174 9.12331 10.0403 9.59069 9.223 9.94335 9.30076 9.77056 9.18235 9.08108 9.22895 9.54535 9.96243 9.13873 9.92285 9.44715 9.11169 9.86891 9.14491 9.97717 9.75303 9.91237 9.15477 9.43611 8.92023 9.73068 9.06596
0 0.54846 0.406911 0.505094 0.262855 0.706467 0.900496 0.599055 0.170982 0.357246 0.37958 0.603293 0.219043 0.751904 0.772025 0.57587 0.612781 0.827773 0.202874 0.353915 0.5991 0.493721 0.119345 0.379488 999 0.501853 0.1893 0.305485 0.25387 0.567725 0.831402 0.738216 0.500619 0.644756 0.705408 0.80609 0.423503 0.593851 0.431075 0.131974 0.0854002 0.757049 0.180782 0.298456 0.463327 0.195772 0.49444 0.0777273 0.344554 0.373531 0.765083 0.139163 0.421715 0.752402 0.860479 0.683447 0.638531 0.497089 0.25989 0.876068 0.238676 0.80469 0.136913 0.331353 0.438267 0.913264 0.344069 0.163606 0.411983 0.432853 0.224175 0.169123 0.795313 0.182374 0.175537 0.190496 0.857272 0.203892 0.385184 0.329464 0.303491 9.78102 9.2001 9.28045 9.82816 9.75052 9.34921 9.7451 9.5515 9.21618 9.08358 8.78257 9.41324 9.88231 9.27689 9.11168 9.44872 9.09284 9.52686 9.86453 9.28069 9.81333 8.78663 9.80675 9.48309 9.6391 9.41539 8.93648 9.03338 9.25695 8.79462 9.30119 8.84934 9.51953 9.69838 8.84582 9.67908 9.50406 9.53538 9.6844 9.38477 9.59263 8.9255 9.5824 9.63732 9.66329 8.8047 9.77308 9.51656 9.5687 8.94501 9.40369 9.83089 8.84892 9.07399 8.96275 9.8824 9.44706 9.08163 9.79375 9.16153 9.6019 9.02767 8.9365 9.06844 9.38373 9.80211 8.96538 9.77283 9.28786 8.93789 9.70009 8.98636 9.8352 9.613 9.75557 9.00568 9.28418 8.77311 9.58857 8.91145
0 0.240797 0.617392 0.558309 0.616266 0.374075 0.467482 0.382776 0.656953 0.425447 0.704193 0.345014 0.571138 0.252559 0.273434 0.299013 0.154229 0.398831 0.674759 0.669226 0.105833 0.0111658 0.468842 0.696072 0.501853 999 0.313721 0.443823 0.326103 0.209442 0.525688 0.280085 0.360204 0.457667 0.25621 0.304336 0.69762 0.342866 0.451848 0.411708 0.547836 0.255239 0.622955 0.248763 0.110453 0.390063 0.246082 0.438554 0.484436 0.656065 0.335541 0.563975 0.524559 0.39725 0.412806 0.182118 0.180076 0.0449643 0.312014 0.540411 0.508823 0.389211 0.46057 0.501004 0.148689 0.419089 0.689317 0.619715 0.196323 0.364428 0.631011 0.436859 0.294256 0.475714 0.543529 0.569046 0.366883 0.615638 0.747738 0.709042 0.419495 9.2849 8.70271 8.78738 9.33323 9.25928 8.85177 9.25297 9.05681 8.72067 8.59008 8.28716 8.92273 9.39116 8.78677 8.62241 8.95555 8.6006 9.03079 9.3728 8.78736 9.32241 8.29131 9.3103 8.99137 9.14298 8.92003 8.44121 8.53898 8.76662 8.30046 8.81131 8.35169 9.02532 9.20041 8.35002 9.18417 9.00814 9.03934 9.19081 8.89137 9.10224 8.42899 9.09082 9.14674 9.17027 8.30848 9.28082 9.02362 9.07427 8.4563 8.90981 9.33604 8.35415 8.57778 8.46976 9.38879 8.95001 8.58409 9.29804 8.66359 9.11146 8.5331 8.43958 8.57545 8.8911 9.30916 8.47642 9.27721 8.79456 8.44909 9.20971 8.49281 9.33786 9.11526 9.26165 8.50976 8.78897 8.27671 9.09123 8.41682
0 0.377862 0.448596 0.449569 0.344282 0.541703 0.720305 0.455674 0.352627 0.314256 0.479196 0.44909 0.317707 0.565274 0.58574 0.437872 0.425008 0.662081 0.37688 0.419719 0.413494 0.305224 0.170388 0.474768 0.1893 0.313721 999 0.254153 0.128906 0.389858 0.678191 0.562914 0.367774 0.514097 0.520021 0.617497 0.471268 0.440627 0.349101 0.136544 0.236715 0.568896 0.335183 0.128277 0.288226 0.13293 0.352728 0.136516 0.304915 0.449844 0.597759 0.261633 0.410659 0.584603 0.690085 0.494686 0.451152 0.312546 0.156429 0.71673 0.257478 0.626302 0.168804 0.338268 0.271177 0.728986 0.45224 0.313131 0.237664 0.343871 0.33979 0.161238 0.606369 0.203135 0.27794 0.302881 0.674155 0.340163 0.481922 0.433583 0.237523 9.59206 9.01097 9.09201 9.63939 9.56245 9.16007 9.55685 9.36277 9.02731 8.89506 8.59372 9.22532 9.69426 9.08905 8.92402 9.26027 8.90456 9.33791 9.67636 9.0922 9.62533 8.59779 9.61775 9.29492 9.45014 9.22654 8.74765 8.8447 9.06906 8.60598 9.1134 8.66018 9.33089 9.50919 8.65691 9.49031 9.31514 9.34644 9.49587 9.19627 9.40474 8.73648 9.39426 9.44938 9.47487 8.61573 9.5848 9.32815 9.38001 8.75747 9.2151 9.64214 8.66017 8.88502 8.77432 9.69387 9.25797 8.89248 9.60485 8.97234 9.41399 8.83896 8.74743 8.88001 9.19538 9.61369 8.77779 9.58395 9.09938 8.75034 9.51219 8.79783 9.64608 9.42383 9.56697 8.81675 9.09536 8.58411 9.39945 8.72273
0 0.346243 0.681918 0.204151 0.206572 0.470014 0.695557 0.334611 0.459115 0.567176 0.680237 0.355843 0.515141 0.678413 0.69986 0.662898 0.477713 0.839648 0.497762 0.23214 0.547927 0.432715 0.187272 0.678834 0.305485 0.443823 0.254153 999 0.138063 0.385341 0.566545 0.723646 0.233896 0.361483 0.540293 0.706996 0.253797 0.345747 0.127827 0.357516 0.269348 0.66782 0.485668 0.205528 0.476672 0.128499 0.579764 0.320312 0.0509025 0.665609 0.775208 0.237377 0.660066 0.51939 0.856377 0.591641 0.496156 0.466896 0.410468 0.619263 0.103648 0.598591 0.169093 0.581116 0.477264 0.846803 0.646456 0.289849 0.2595 0.595537 0.251818 0.136866 0.690335 0.130017 0.470669 0.490107 0.800611 0.509051 0.317202 0.291008 0.024334 9.59876 9.02243 9.08987 9.64229 9.55536 9.17164 9.552 9.36507 9.03229 8.89416 8.59862 9.21661 9.68688 9.07948 8.91259 9.25828 8.9003 9.34456 9.67042 9.09074 9.61744 8.60238 9.62555 9.28915 9.45691 9.23095 8.75203 8.84641 9.06 8.60711 9.10326 8.67281 9.33178 9.52271 8.66301 9.49321 9.32131 9.35299 9.49493 9.19494 9.39567 8.7449 9.38809 9.44073 9.47238 8.62325 9.58026 9.32553 9.38153 8.74487 9.2151 9.64481 8.66305 8.89237 8.77211 9.69291 9.26807 8.90458 9.61021 8.98594 9.40504 8.84115 8.75727 8.87774 9.19199 9.61096 8.76574 9.58901 9.09785 8.73796 9.50304 8.79711 9.65709 9.43645 9.56694 8.82317 9.09939 8.59221 9.41055 8.72514
0 0.299724 0.575771 0.322615 0.290434 0.453572 0.656443 0.346823 0.424331 0.441517 0.596295 0.349432 0.431253 0.572933 0.594333 0.52546 0.393014 0.713397 0.456624 0.345574 0.431931 0.315422 0.166531 0.592948 0.25387 0.326103 0.128906 0.138063 999 0.325493 0.577867 0.601667 0.251236 0.397736 0.473712 0.611712 0.382269 0.340014 0.220314 0.25545 0.259313 0.567903 0.427785 0.077355 0.343791 0.0718058 0.441974 0.235112 0.188077 0.571947 0.648552 0.256178 0.53928 0.500266 0.733736 0.490977 0.415829 0.342344 0.280488 0.622203 0.182898 0.559311 0.152239 0.466925 0.341261 0.741625 0.566455 0.314761 0.172815 0.460837 0.31053 0.119906 0.597157 0.153333 0.388518 0.411639 0.691584 0.441561 0.421932 0.383112 0.117054 9.55362 8.9748 9.04926 9.59912 9.51738 9.12397 9.51285 9.32218 8.98798 8.85289 8.55431 9.17945 9.64906 9.04276 8.87683 9.2176 8.86077 9.29943 9.63185 9.04978 9.57988 8.55823 9.57985 9.25045 9.41172 9.18696 8.70801 8.80378 9.023 8.56475 9.06684 8.62454 9.28962 9.47407 8.61809 9.45003 9.27642 9.3079 9.45373 9.15392 9.35871 8.6988 9.34961 9.40356 9.43199 8.5776 9.54095 9.28519 9.33905 8.70971 9.17339 9.60176 8.61979 8.84683 8.7315 9.65174 9.22116 8.85661 9.56577 8.93721 9.36802 8.79827 8.71044 8.83718 9.15204 9.57071 8.73029 9.54471 9.05692 8.70268 9.46613 8.75573 9.60975 9.38826 9.52528 8.7781 9.05558 8.54625 9.36314 8.68213
0 0.0483719 0.786209 0.422106 0.588959 0.170826 0.332839 0.185098 0.737653 0.60383 0.850774 0.141191 0.69886 0.335438 0.355108 0.507902 0.115812 0.556022 0.765008 0.614769 0.262584 0.203152 0.492022 0.844396 0.567725 0.209442 0.389858 0.385341 0.325493 999 0.322278 0.431429 0.202542 0.25788 0.154954 0.341031 0.620956 0.141453 0.33392 0.52035 0.584442 0.312882 0.72504 0.26927 0.315852 0.396765 0.45422 0.526141 0.407808 0.810742 0.500033 0.580104 0.707526 0.203928 0.554401 0.246433 0.122963 0.254395 0.461257 0.34572 0.479295 0.237116 0.477504 0.667427 0.349212 0.49267 0.829072 0.638705 0.155843 0.560889 0.624073 0.443719 0.321897 0.471054 0.662796 0.688415 0.457576 0.728656 0.701459 0.676121 0.363822 9.22877 8.6504 8.72389 9.274 9.19189 8.79958 9.1874 8.99702 8.663 8.52756 8.22933 8.85395 9.32358 8.71726 8.55135 8.89224 8.53534 8.97457 9.30638 8.72443 9.25439 8.23322 9.25509 8.92499 9.08688 8.86194 8.38298 8.47858 8.69751 8.23953 8.74135 8.30028 8.96438 9.14991 8.2932 9.1249 8.95153 8.98305 9.12841 8.82858 9.03322 8.3741 9.02414 9.07806 9.10661 8.25282 9.21551 8.9598 9.01385 8.38425 8.84811 9.27662 8.29467 8.52204 8.40613 9.32641 8.89662 8.53229 9.24081 8.61306 9.04253 8.4731 8.38588 8.5118 8.82663 9.24532 8.40482 9.21974 8.73157 8.37721 9.14064 8.43042 9.2853 9.064 9.2 8.45323 8.73053 8.22153 9.0387 8.35698
