0 0 0 0 0 0 0 0 0 0 0 0 0 0 0 0 0 0 0 0 0 0 0 0 0 0 0 0 0 0
0 999 0.111752 0.568705 0.669917 0.523455 0.197009 0.524815 0.551201 0.294846 0.152244 0.163005 0.579325 0.309314 0.141031 8.45762 8.34669 8.49372 8.66725 8.54393 8.50995 8.28183 8.36361 8.72441 8.81803 8.66424 8.38887 8.82853 8.66019 8.29088
0 0.111752 999 0.628233 0.579248 0.448652 0.290848 0.413428 0.468315 0.217192 0.246282 0.247746 0.487021 0.259858 0.246552 8.56227 8.44959 8.59935 8.77188 8.64611 8.61096 8.38544 8.46637 8.82516 8.92258 8.76754 8.48949 8.93429 8.76131 8.39587
0 0.568705 0.628233 999 0.837432 1.07688 0.392261 0.955032 0.71601 0.59336 0.428477 0.653779 1.1052 0.875833 0.581461 8.40864 8.32223 8.42986 8.61802 8.52813 8.50869 8.24784 8.34073 8.72573 8.76972 8.63356 8.3925 8.76182 8.65719 8.23733
0 0.669917 0.579248 0.837432 999 0.744793 0.749285 0.403212 0.130847 0.376813 0.72292 0.825487 0.665871 0.722403 0.810027 9.1135 9.00763 9.14596 9.32315 9.20646 9.17472 8.9409 9.02484 9.38959 9.4742 9.3241 9.05427 9.48016 9.32475 8.94561
0 0.523455 0.448652 1.07688 0.744793 999 0.72034 0.351157 0.700557 0.55821 0.675694 0.533181 0.129657 0.226999 0.589047 8.70038 8.56989 8.74826 8.90953 8.7593 8.71333 8.51304 8.58544 8.92489 9.05911 8.89147 8.58856 9.08431 8.86451 8.53786
0 0.197009 0.290848 0.392261 0.749285 0.72034 999 0.692744 0.619894 0.386076 0.0451183 0.262412 0.774177 0.503173 0.191289 8.36558 8.26223 8.39713 8.57522 8.4623 8.43294 8.19435 8.27965 8.64832 8.72636 8.57798 8.31336 8.73123 8.58269 8.19735
0 0.524815 0.413428 0.955032 0.403212 0.351157 0.692744 999 0.387975 0.362143 0.650722 0.629955 0.262662 0.40238 0.650994 8.9368 8.81661 8.97816 9.14628 9.01007 8.96999 8.75557 8.83286 9.18303 9.29657 9.13622 8.84695 9.31362 9.12077 8.7719
0 0.551201 0.468315 0.71601 0.130847 0.700557 0.619894 0.387975 999 0.256381 0.594807 0.710376 0.641791 0.6417 0.689609 8.98513 8.88038 9.01701 9.19478 9.07967 9.04873 8.81318 8.89767 9.26377 9.34588 9.19657 8.92856 9.35112 9.19868 8.81705
0 0.294846 0.217192 0.59336 0.376813 0.55821 0.386076 0.362143 0.256381 999 0.35391 0.454413 0.545831 0.433034 0.433831 8.7402 8.63256 8.77404 8.94984 8.83089 8.79852 8.56645 8.64967 9.01329 9.1008 8.94939 8.67791 9.10849 8.9486 8.57273
0 0.152244 0.246282 0.428477 0.72292 0.675694 0.0451183 0.650722 0.594807 0.35391 999 0.232481 0.729066 0.459594 0.165145 8.39061 8.28561 8.42314 8.60025 8.48507 8.4547 8.21838 8.30292 8.66989 8.75132 8.60176 8.33479 8.7574 8.60456 8.22269
0 0.163005 0.247746 0.653779 0.825487 0.533181 0.262412 0.629955 0.710376 0.454413 0.232481 999 0.619904 0.306725 0.073016 8.31915 8.20465 8.35755 8.52873 8.4006 8.36469 8.14118 8.22133 8.57874 8.67932 8.52297 8.24301 8.69269 8.5151 8.15318

0 0.579325 0.487021 1.1052 0.665871 0.129657 0.774177 0.262662 0.641791 0.545831 0.729066 0.619904 999 0.318184 0.667189 8.82813 8.69843 8.87543 9.03732 8.88811 8.84247 8.64128 8.71404 9.0541 9.18697 9.01988 8.71778 9.21143 8.99363 8.6654
0 0.309314 0.259858 0.875833 0.722403 0.226999 0.503173 0.40238 0.6417 0.433034 0.459594 0.306725 0.318184 999 0.36223 8.5446 8.42106 8.58835 8.75399 8.61337 8.57177 8.36131 8.43711 8.78446 8.90405 8.7413 8.4483 8.92407 8.72265 8.38054
0 0.141031 0.246552 0.581461 0.810027 0.589047 0.191289 0.650994 0.689609 0.433831 0.165145 0.073016 0.667189 0.36223 999 8.31714 8.20581 8.35361 8.52676 8.40296 8.36892 8.14107 8.2227 8.58338 8.67751 8.52342 8.24784 8.68848 8.51916 8.15051

0 8.45762 8.56227 8.40864 9.1135 8.70038 8.36558 8.9368 8.98513 8.7402 8.39061 8.31915 8.82813 8.5446 8.31714 999 0.375435 0.224033 0.209648 0.506408 0.715499 0.277573 0.394338 0.813659 0.36108 0.350008 0.779942 0.451735 0.727509 0.182041
0 8.34669 8.44959 8.32223 9.00763 8.56989 8.26223 8.81661 8.88038 8.63256 8.28561 8.20465 8.69843 8.42106 8.20581 0.375435 999 0.597383 0.481973 0.239159 0.385537 0.155702 0.0291806 0.549808 0.583745 0.328056 0.416925 0.787206 0.456145 0.431299
0 8.49372 8.59935 8.42986 9.14596 8.74826 8.39713 8.97816 9.01701 8.77404 8.42314 8.35755 8.87543 8.58835 8.35361 0.224033 0.597383 999 0.285745 0.723898 0.936775 0.482989 0.617432 1.02099 0.408153 0.534767 1.00396 0.336384 0.9386 0.249751
0 8.66725 8.77188 8.61802 9.32315 8.90953 8.57522 9.14628 9.19478 8.94984 8.60025 8.52873 9.03732 8.75399 8.52676 0.209648 0.481973 0.285745 999 0.516867 0.736175 0.440989 0.489946 0.777014 0.15198 0.282785 0.831296 0.309618 0.704156 0.384182
0 8.54393 8.64611 8.52813 9.20646 8.7593 8.4623 9.01007 9.07967 8.83089 8.48507 8.4006 8.88811 8.61337 8.40296 0.506408 0.239159 0.723898 0.516867 999 0.219453 0.382026 0.211926 0.321412 0.5592 0.251762 0.323647 0.819811 0.229156 0.62131
0 8.50995 8.61096 8.50869 9.17472 8.71333 8.43294 8.96999 9.04873 8.79852 8.4547 8.36469 8.84247 8.57177 8.36892 0.715499 0.385537 0.936775 0.736175 0.219453 999 0.541213 0.356987 0.219407 0.770818 0.46533 0.139212 1.03753 0.151725 0.809911

0 8.28183 8.38544 8.24784 8.9409 8.51304 8.19435 8.75557 8.81318 8.56645 8.21838 8.14118 8.64128 8.36131 8.14107 0.277573 0.155702 0.482989 0.440989 0.382026 0.541213 999 0.184491 0.700232 0.571442 0.387426 0.565246 0.72396 0.606645 0.285109
0 8.36361 8.46637 8.34073 9.02484 8.58544 8.27965 8.83286 8.89767 8.64967 8.30292 8.22133 8.71404 8.43711 8.2227 0.394338 0.0291806 0.617432 0.489946 0.211926 0.356987 0.184491 999 0.520838 0.585479 0.319002 0.392188 0.797196 0.427193 0.457613
0 8.72441 8.82516 8.72573 9.38959 8.92489 8.64832 9.18303 9.26377 9.01329 8.66989 8.57874 9.0541 8.78446 8.58338 0.813659 0.549808 1.02099 0.777014 0.321412 0.219407 0.700232 0.520838 999 0.768284 0.494925 0.336363 1.05206 0.0936891 0.940993
0 8.81803 8.92258 8.76972 9.4742 9.05911 8.72636 9.29657 9.34588 9.1008 8.75132 8.67932 9.18697 8.90405 8.67751 0.36108 0.583745 0.408153 0.15198 0.5592 0.770818 0.571442 0.585479 0.768284 999 0.307439 0.88274 0.285964 0.709017 0.535888
0 8.66424 8.76754 8.63356 9.3241 8.89147 8.57798 9.13622 9.19657 8.94939 8.60176 8.52297 9.01988 8.7413 8.52342 0.350008 0.328056 0.534767 0.282785 0.251762 0.46533 0.387426 0.319002 0.494925 0.307439 999 0.575341 0.573598 0.421504 0.514256

0 8.38887 8.48949 8.3925 9.05427 8.58856 8.31336 8.84695 8.92856 8.67791 8.33479 8.24301 8.71778 8.4483 8.24784 0.779942 0.416925 1.00396 0.831296 0.323647 0.139212 0.565246 0.392188 0.336363 0.88274 0.575341 999 1.13852 0.285966 0.847564
0 8.82853 8.93429 8.76182 9.48016 9.08431 8.73123 9.31362 9.35112 9.10849 8.7574 8.69269 9.21143 8.92407 8.68848 0.451735 0.787206 0.336384 0.309618 0.819811 1.03753 0.72396 0.797196 1.05206 0.285964 0.573598 1.13852 999 0.988959 0.567195
0 8.66019 8.76131 8.65719 9.32475 8.86451 8.58269 9.12077 9.19868 8.9486 8.60456 8.5151 8.99363 8.72265 8.51916 0.727509 0.456145 0.9386 0.704156 0.229156 0.151725 0.606645 0.427193 0.0936891 0.709017 0.421504 0.285966 0.988959 999 0.850083

0 8.29088 8.39587 8.23733 8.94561 8.53786 8.19735 8.7719 8.81705 8.57273 8.22269 8.15318 8.6654 8.38054 8.15051 0.182041 0.431299 0.249751 0.384182 0.62131 0.809911 0.285109 0.457613 0.940993 0.535888 0.514256 0.847564 0.567195 0.850083 999