0 0 0 0 0 0 0 0 0 0 0 0 0 0 0 0 0 0 0 0 0 0 0 0 0 0 0 0 0 0 0 0 0 0 0 0 0 0 0 0 0 0 0 0 0 0 0 0 0 0 0 0 0 0 0 0 0 0 0 0 0 0 0 0 0 0 0 0 0 0 0 0 0 0 0 0 0 0 0 0 0 0 0 0 0 0 0 0 0 0 0 0 0 0 0 0 0 0 0 0 0 0 0 0 0 0 0 0 0 0 0 0 0 0 0 0 0 0 0 0 0 0 0 0 0 0 0 0 0 0 0 0 0 0 0 0 0 0 0 0 0 0 0 0 0 0 0 0 0 0 0 0 0 0 0 0 0 0 0 0 0
0 999 5.33401 6.84085 2.74913 3.57863 7.78617 7.0291 7.55112 3.27049 7.86308 6.65033 1.89447 5.9892 6.4087 6.12132 4.84146 4.94696 7.89476 6.82761 6.07873 2.71118 5.69604 2.33857 8.68463 2.51285 5.74669 4.54604 3.36743 5.2219 6.96058 6.22917 7.49368 5.87627 7.90674 7.17332 5.24 7.75506 6.07784 4.07638 6.31352 5.0774 3.53408 2.84684 1.80014 3.92747 7.4674 8.59685 7.45199 6.06964 2.98007 8.44207 5.92987 5.19042 1.15209 3.4808 2.99817 2.31905 4.70619 8.19651 6.08113 4.07492 6.66323 8.47852 1.58316 4.49324 3.41369 7.31608 4.28796 1.61301 5.21852 5.99401 7.1456 6.50028 5.93024 6.41243 3.73526 3.28494 9.6899 10.0324 4.34005 7.19171 7.34795 6.90454 7.27295 7.5606 7.12244 7.16365 6.59868 7.04733 6.85101 7.00454 7.51388 7.09808 6.67207 7.19904 7.37625 7.42556 7.49289 7.5182 6.87054 7.55519 7.28973 7.35955 7.44808 7.38973 7.49604 7.56003 7.54125 7.17757 7.02199 6.66744 6.93298 7.44019 7.00865 6.71984 6.58654 7.30223 7.44214 6.60207 6.65272 6.97544 7.3354 7.44061 6.72679 6.739 6.59396 6.94252 6.55493 7.67036 7.30631 6.6545 7.53856 7.25619 7.04268 6.60583 6.84861 6.97206 7.31518 7.4414 6.5639 7.46763 6.68545 7.25507 7.18842 7.65308 7.04209 6.81559 6.89224 7.45541 6.97153 7.11295 7.21193 6.66273 7.63596 7.3643 6.73748 7.03387 7.3622 7.67476 7.39169
0 5.33401 999 11.8884 5.21147 5.96041 12.6969 12.206 12.0333 5.728 9.25078 2.70633 5.38543 9.98015 9.76584 4.7361 10.1341 1.82497 12.5992 4.91867 7.10788 7.45838 8.13143 4.09185 4.38754 7.78759 8.77698 7.50351 1.97284 8.26722 10.0059 3.34187 7.12265 10.5423 13.2333 5.70622 9.88557 2.98329 2.10846 2.29264 11.6138 6.2477 4.80104 7.72231 3.8444 7.15791 12.6429 7.74685 6.97103 11.2163 7.80841 6.07021 4.87849 0.147648 4.21523 2.43214 4.67616 3.48042 6.33316 5.16493 3.24694 7.6427 2.57303 5.48234 3.91389 1.10422 3.02209 11.3163 7.32274 3.98814 8.95572 9.16311 10.9587 11.0905 3.22704 11.6165 7.06321 8.49949 15.0003 10.0358 9.61021 11.9892 12.111 11.5145 11.9589 12.3496 11.7284 11.7926 11.2719 11.6701 11.6051 11.63 12.234 11.834 11.462 11.9644 12.1723 12.1628 12.1378 12.2816 11.5706 12.3579 12.0589 11.9881 12.0635 12.0622 12.1117 12.2688 12.1582 11.9963 11.6653 11.3809 11.6105 12.0434 11.6547 11.3418 11.4017 12.068 12.2263 11.2184 11.3842 11.6813 12.1084 12.1279 11.4651 11.5385 11.2747 11.6831 11.1989 12.4496 12.1019 11.4851 12.1214 11.9612 11.7945 11.4139 11.6423 11.635 12.1138 12.2057 11.2361 12.1751 11.3106 11.9676 11.9681 12.3848 11.6407 11.6058 11.6345 12.2461 11.7848 11.8989 11.8739 11.3799 12.3172 11.9539 11.5137 11.6267 12.126 12.417 12.0224
0 6.84085 11.8884 999 8.93573 9.31658 1.11319 5.15024 2.29456 6.79592 12.6356 13.4887 6.56062 8.40715 4.83828 12.6997 2.48622 11.7764 1.76918 13.4484 11.6351 6.52559 10.3014 9.05868 15.5248 5.18247 5.43004 9.23139 10.0276 9.43001 10.3279 13.0434 13.4794 6.87309 2.90553 13.6365 2.34649 14.5457 12.9057 10.9165 3.86359 10.8866 7.87445 6.23244 8.04545 8.72469 1.05361 14.6337 13.4968 5.08882 4.08142 15.0389 12.4479 11.7407 7.7881 10.3159 9.43793 9.15664 10.3848 14.9439 12.8972 5.03811 13.4966 15.208 7.99982 11.2188 9.16492 3.53952 5.71743 8.4518 8.5294 5.18267 3.9514 1.88096 12.7428 4.79213 8.56468 5.06794 3.85903 15.3806 2.74263 1.14874 1.32096 1.77795 1.56673 1.32325 1.80763 1.73742 1.59013 1.74285 1.274 1.73023 1.53064 1.3556 1.16064 1.26844 1.21524 1.4383 1.76967 1.38812 1.46902 1.27525 1.27995 1.78152 1.84999 1.64504 1.86483 1.58732 1.87639 1.06534 1.67166 1.43917 1.54869 1.88662 1.66113 1.74545 1.08635 1.29604 1.28382 1.77886 1.37797 1.45086 1.28155 1.61228 1.34191 1.11286 1.56553 1.32386 1.69656 1.41333 1.19054 1.00912 1.9829 1.4971 1.2903 1.10755 1.12478 1.60091 1.18279 1.35202 1.60035 1.55456 1.73819 1.47039 1.21376 1.55572 1.82263 1.14026 1.3168 1.26719 1.0509 1.17395 1.63507 1.42697 1.70911 1.90902 1.20097 1.84078 1.32328 1.53319 1.7835
0 2.74913 5.21147 8.93573 999 0.962549 9.98181 7.50728 10.0289 5.8418 5.24417 5.29672 4.52682 4.76873 9.15149 3.78529 6.59242 3.93071 10.2419 4.54411 3.34368 2.76471 3.32674 1.21037 7.16152 3.80312 8.4935 2.403 3.5581 3.18266 4.99604 4.48599 4.78163 5.46421 9.27366 4.70208 7.72969 6.66245 4.91392 3.06366 7.26186 2.32974 5.79408 3.0904 3.55494 1.96461 9.34773 5.908 4.75467 6.51842 5.52816 6.11258 3.51763 5.10533 2.88062 2.77973 0.630317 1.93259 1.98728 6.13166 4.36 6.82402 5.38243 6.3668 3.28093 4.11545 4.87922 9.96001 7.01627 1.94743 3.74771 8.74311 9.83039 8.96226 4.1991 6.99578 1.8554 4.20529 11.1064 7.28602 6.21409 9.50119 9.67567 9.34111 9.65299 9.86227 9.55329 9.58055 9.01192 9.47177 9.20403 9.42906 9.86406 9.4533 9.00815 9.53076 9.6797 9.76776 9.88943 9.83944 9.2571 9.84709 9.6154 9.76984 9.86262 9.77373 9.90887 9.91582 9.95187 9.472 9.43604 9.05389 9.33063 9.86159 9.42162 9.1569 8.90831 9.62978 9.7516 9.04664 9.02854 9.35441 9.65674 9.81391 9.09515 9.06543 9.00304 9.30075 8.98645 9.97509 9.61271 8.96181 9.96759 9.62519 9.38961 8.93185 9.17454 9.37676 9.61906 9.76484 8.97913 9.82747 9.12206 9.61935 9.51069 9.99083 9.47967 9.14541 9.25137 9.7597 9.27829 9.43371 9.60841 9.04709 10.0062 9.79549 9.08022 9.47475 9.68887 10.0048 9.79969
0 3.57863 5.96041 9.31658 0.962549 999 10.3929 7.32309 10.5805 6.75438 4.31372 5.66912 5.4169 4.11068 9.92292 3.68582 6.89351 4.50717 10.7226 4.44113 2.52834 2.861 2.37084 2.13178 7.3952 4.13437 9.31296 1.54379 4.43254 2.31465 4.10001 4.72424 4.18561 5.05641 9.36118 4.42905 8.31169 7.0841 5.37875 3.71598 7.25074 1.60331 6.74585 3.18442 4.51412 1.27028 9.63264 5.3373 4.18994 6.36095 6.17811 5.91365 3.36933 5.86598 3.82796 3.54686 1.30246 2.8524 1.15395 6.114 4.61746 7.62871 5.78014 6.31247 4.2387 4.85619 5.83494 10.6186 7.86659 2.90998 3.05895 9.54378 10.5241 9.51501 4.4623 6.86604 1.24579 4.37001 11.1827 6.49215 6.57402 9.97116 10.1525 9.87649 10.156 10.3244 10.0836 10.1033 9.53872 9.99948 9.69853 9.95724 10.35 9.94606 9.49679 10.0111 10.1447 10.2507 10.3986 10.3113 9.76765 10.3047 10.0919 10.2873 10.3814 10.2776 10.4263 10.404 10.4677 9.93511 9.95871 9.56668 9.846 10.384 9.94388 9.69443 9.39137 10.107 10.2187 9.58928 9.53634 9.86009 10.1307 10.3119 9.59848 9.54873 9.52781 9.79672 9.52292 10.4375 10.0799 9.43733 10.493 10.123 9.87901 9.41665 9.65626 9.89522 10.085 10.2386 9.50731 10.3186 9.65973 10.1148 9.9867 10.4693 10.0142 9.62935 9.74834 10.2243 9.74959 9.90987 10.1203 9.55892 10.5008 10.3236 9.5712 10.0111 10.165 10.4793 10.3156
0 7.78617 12.6969 1.11319 9.98181 10.3929 999 6.08705 1.73142 7.3841 13.7487 14.4111 7.32149 9.50371 4.80851 13.7289 3.59701 12.6896 0.892861 14.4726 12.7326 7.62127 11.4132 10.048 16.4505 6.26 5.56864 10.339 10.8828 10.5429 11.4319 14.0115 14.5646 7.9468 3.50464 14.6837 2.86782 15.423 13.8144 11.8479 4.8493 11.9706 8.47217 7.33221 8.87253 9.82707 1.54923 15.7189 14.5786 6.11756 4.91467 16.0705 13.4847 12.5497 8.67703 11.2395 10.4678 10.1049 11.4719 15.9416 13.8641 5.51008 14.4106 16.2114 8.85115 12.0825 9.88316 3.18487 6.1377 9.39878 9.6408 5.26062 3.67935 1.90421 13.7117 5.78433 9.66504 6.17414 3.9538 16.4905 3.82774 0.820215 0.820138 1.57774 1.12639 0.610686 1.46721 1.3721 1.61997 1.45442 1.21282 1.4708 0.894649 1.07255 1.28765 0.910822 0.689411 0.86927 1.17962 0.728598 1.34111 0.559864 0.836379 1.28441 1.29882 1.11839 1.2836 0.921624 1.26688 0.773158 1.406 1.465 1.36064 1.34401 1.40556 1.6647 1.32004 0.839468 0.689856 1.7633 1.43398 1.24859 0.794048 1.04445 1.35523 1.20679 1.60506 1.17481 1.72748 0.610358 0.7393 1.22886 1.3889 1.07126 1.06646 1.31424 1.12005 1.37761 0.723273 0.762725 1.64999 0.959751 1.67996 1.04639 0.875102 0.806323 1.53246 1.15738 1.20987 0.658572 0.966347 0.915168 1.23892 1.45989 1.00634 1.41649 1.25772 1.5547 0.808916 0.7595 1.26465
0 7.0291 12.206 5.15024 7.50728 7.32309 6.08705 999 7.41687 9.07439 9.06436 12.7986 8.07049 4.35294 9.19696 10.996 3.63501 11.3287 6.89529 11.7415 8.86671 4.81553 7.0752 8.29444 14.6584 4.52294 9.3665 6.40925 10.2501 6.18466 6.27717 11.9767 10.8483 2.64486 3.02491 11.6171 6.33096 14.1383 12.3812 10.4157 1.3354 8.514 9.90509 4.51966 8.80825 6.19848 4.59152 11.9286 10.9301 0.997046 6.13294 13.1284 10.6688 12.0711 8.17536 9.96338 8.13668 8.77411 8.01124 13.4294 11.8561 8.16 12.877 13.6155 8.60954 11.223 10.3812 8.46281 8.84274 8.21815 5.01334 9.28774 8.75617 6.7306 11.696 0.636003 6.13765 3.74553 4.47394 11.9361 4.04191 6.29278 6.47036 6.80093 6.69851 6.46172 6.88988 6.83578 6.51372 6.81215 6.32993 6.78892 6.68082 6.47189 6.15576 6.40756 6.36499 6.58827 6.91497 6.53513 6.51269 6.41022 6.42736 6.91188 6.98744 6.78669 7.00645 6.73724 7.02129 6.21137 6.74112 6.40766 6.60447 7.02106 6.72793 6.70498 6.04495 6.44378 6.43222 6.68541 6.34558 6.52869 6.43116 6.7593 6.34462 6.14128 6.48926 6.4041 6.58984 6.5415 6.34052 6.00771 7.12294 6.63082 6.39972 6.07474 6.19364 6.66322 6.33297 6.50187 6.50686 6.70415 6.68456 6.60555 6.3544 6.69891 6.88243 6.19608 6.38233 6.41412 6.16268 6.30603 6.75186 6.39453 6.85878 7.03129 6.22099 6.89641 6.47309 6.6723 6.91802
0 7.55112 12.0333 2.29456 10.0289 10.5805 1.73142 7.41687 999 6.4396 14.2812 13.9937 6.68147 10.3497 3.245 13.6559 4.31251 12.267 0.92358 14.3734 13.0356 7.99165 11.9161 9.88551 16.0246 6.56062 4.12753 10.7761 10.3471 11.0941 12.1986 13.727 14.7592 8.93155 5.12501 14.6769 2.31366 14.8837 13.3676 11.4847 6.10659 12.1832 7.50891 7.74391 8.3176 10.2113 3.15634 15.9052 14.7519 7.26827 4.57132 15.9871 13.4451 11.8888 8.26879 10.8648 10.4402 9.81775 11.7099 15.7348 13.5773 4.48165 13.9711 16.022 8.35025 11.5475 9.08958 1.47526 5.0012 9.12316 10.3223 3.77339 1.99324 1.06705 13.4327 7.02001 10.0323 6.68588 5.68409 16.9139 4.32539 1.1519 1.00696 0.725225 0.728198 1.13388 0.555821 0.588737 1.07393 0.643369 1.10202 0.67846 0.849349 0.945759 1.29762 1.02837 1.13955 0.907624 0.562935 1.02145 0.940285 1.18974 1.03305 0.513851 0.456591 0.663692 0.45717 0.813135 0.466339 1.23723 0.706993 1.10193 0.845743 0.414898 0.722023 0.896753 1.41662 1.0191 1.09604 0.993655 1.15322 0.899369 1.0462 0.717385 1.12433 1.29408 1.09049 1.01893 1.06708 1.12121 1.13683 1.43173 0.343972 0.798216 1.01722 1.38565 1.22841 0.785708 1.14892 1.01544 1.10017 0.79538 0.930552 0.825472 1.08374 0.925784 0.597893 1.23044 1.04691 1.12416 1.25529 1.12067 0.665152 1.11341 0.726409 0.386478 1.22396 0.594004 1.00996 0.973725 0.515541
0 3.27049 5.728 6.79592 5.8418 6.75438 7.3841 9.07439 6.4396 999 11.0678 8.01804 1.3783 9.08921 4.06011 8.52602 5.84796 6.36589 7.1134 9.1145 9.16764 5.7404 8.95684 5.01601 9.97162 4.9098 3.11451 7.81543 4.34047 8.49026 10.2107 8.04622 10.3314 8.64802 8.89392 9.65025 4.52134 8.68076 7.36133 5.78164 8.00944 8.13204 1.08812 5.7684 2.56285 7.19792 7.73249 11.355 10.2571 8.25632 3.06472 10.6696 8.42998 5.5903 3.01891 5.19605 5.89869 4.5608 7.82806 10.1299 7.90014 1.96094 7.95511 10.4442 2.7598 5.4606 2.71105 5.60126 1.60078 4.06602 8.41399 3.47899 5.23153 5.59604 7.78297 8.44085 7.00572 5.68107 10.428 13.0538 5.30627 6.60275 6.68958 6.01115 6.48629 6.93855 6.21292 6.28889 5.82472 6.16791 6.20239 6.13139 6.77386 6.40452 6.09846 6.55212 6.77548 6.71869 6.62989 6.85261 6.12713 6.9581 6.64504 6.47589 6.54014 6.57565 6.58658 6.79895 6.63207 6.62847 6.17668 5.95811 6.14839 6.51352 6.16849 5.85479 6.0652 6.6509 6.81693 5.73411 5.97549 6.23638 6.6952 6.64875 6.05735 6.17903 5.83291 6.26511 5.73466 7.02598 6.70818 6.15816 6.57666 6.50208 6.37969 6.07003 6.27157 6.16133 6.72212 6.78084 5.79023 6.7083 5.82748 6.51385 6.56743 6.92695 6.12454 6.23396 6.2205 6.84129 6.42356 6.50725 6.38837 5.96003 6.82621 6.41939 6.13508 6.10765 6.70451 6.96566 6.51015
0 7.86308 9.25078 12.6356 5.24417 4.31372 13.7487 9.06436 14.2812 11.0678 999 7.74737 9.72491 4.71301 14.0781 4.89985 10.1552 7.45946 14.2473 5.24605 2.15669 6.31041 2.36637 6.26486 8.64567 7.74576 13.5431 3.53504 8.26087 3.20665 2.8956 6.59826 2.93389 6.42412 11.8238 4.57018 12.1386 9.09315 7.82077 7.02883 9.59705 3.1356 11.031 6.54083 8.77834 4.14162 12.6758 3.53556 3.10821 8.35239 10.1956 5.74415 4.62041 9.20461 8.12402 7.17206 5.33031 6.92592 3.29342 6.64677 6.58608 11.8501 7.92188 6.64127 8.51032 8.23468 9.95571 14.5559 12.1391 7.15286 4.18629 13.7465 14.5333 13.2451 6.49788 8.87056 4.33518 7.61475 13.4901 2.87211 10 13.4918 13.6844 13.5571 13.7521 13.8143 13.7466 13.7479 13.2088 13.6588 13.2877 13.6188 13.8984 13.5234 13.0784 13.5562 13.6475 13.7947 14.0026 13.8261 13.393 13.7838 13.6248 13.9143 14.0091 13.8721 14.0496 13.9565 14.0862 13.4399 13.6072 13.2033 13.4804 14.0203 13.5919 13.3849 12.9631 13.6414 13.7244 13.2944 13.1622 13.4711 13.656 13.8912 13.2118 13.1158 13.1936 13.3863 13.2158 13.9246 13.5902 12.9894 14.1339 13.7072 13.4502 12.9917 13.2159 13.5356 13.5919 13.7602 13.1815 13.8807 13.3515 13.6937 13.5218 13.9957 13.6891 13.1953 13.3418 13.7233 13.2807 13.4478 13.7386 13.1935 14.0663 13.9754 13.156 13.6903 13.6949 13.9955 13.9383
0 6.65033 2.70633 13.4887 5.29672 5.66912 14.4111 12.7986 13.9937 8.01804 7.74737 999 7.34986 9.73526 12.0703 2.84851 11.4247 1.72803 14.4479 2.66918 5.78496 8.00812 7.30068 4.60324 2.03973 8.76786 11.1306 7.06229 3.70001 7.72493 9.22616 1.14983 5.13287 10.705 14.3595 3.48391 11.7349 1.4359 0.659242 2.57503 12.4727 5.22771 7.22967 8.32218 5.69702 6.9349 14.1065 5.48023 4.95767 11.8064 9.51685 3.46439 3.13249 2.78374 5.74669 3.17328 4.6664 4.34899 5.52327 2.47518 1.17881 9.81018 0.186815 2.78772 5.64483 2.56135 5.44077 13.4625 9.61002 5.04683 8.6818 11.4969 13.1606 12.986 1.29692 12.2739 6.91286 9.3378 16.1831 7.88746 10.9531 13.7767 13.9208 13.405 13.8128 14.1451 13.6234 13.6761 13.1258 13.5556 13.4161 13.5137 14.0706 13.6579 13.25 13.7717 13.962 13.9887 14.0161 14.0925 13.4127 14.1447 13.8646 13.8739 13.957 13.9246 14.0056 14.1123 14.0518 13.7702 13.5397 13.2135 13.4657 13.9432 13.5276 13.224 13.1734 13.8758 14.0239 13.1021 13.2064 13.5212 13.9121 13.9825 13.2842 13.3212 13.1245 13.5029 13.0678 14.2519 13.8914 13.2476 14.0326 13.8042 13.6085 13.1901 13.4295 13.4985 13.9015 14.0155 13.0902 14.0186 13.1908 13.8063 13.7666 14.2157 13.5386 13.3948 13.4528 14.0398 13.5607 13.6929 13.7403 13.2104 14.1769 13.8599 13.3106 13.5274 13.9355 14.2418 13.9073
0 1.89447 5.38543 6.56062 4.52682 5.4169 7.32149 8.07049 6.68147 1.3783 9.72491 7.34986 999 7.74902 4.88016 7.47276 5.14608 5.6347 7.21649 8.11123 7.86817 4.40369 7.58752 3.80706 9.3668 3.70656 4.07707 6.4405 3.67143 7.11216 8.83428 7.20503 9.13026 7.40152 8.28066 8.58066 4.50024 8.2022 6.71155 4.92176 7.11354 6.842 1.86304 4.4562 1.65303 5.82151 7.38922 10.1882 9.06797 7.1937 2.50348 9.70271 7.34084 5.23894 1.83295 4.30593 4.64284 3.45962 6.51282 9.27195 7.05556 2.52602 7.31552 9.57675 1.73833 4.86837 2.61964 6.12013 2.54031 2.872 7.04846 4.38047 5.8444 5.71344 6.92347 7.43471 5.62882 4.50371 9.93596 11.788 4.59419 6.60451 6.72554 6.13716 6.57605 6.96436 6.35261 6.41436 5.8882 6.29206 6.21973 6.25149 6.84964 6.44874 6.07783 6.57904 6.78735 6.77774 6.7591 6.89615 6.18617 6.97302 6.67351 6.61073 6.68807 6.6806 6.73644 6.8851 6.78296 6.61277 6.28501 5.99578 6.22736 6.66957 6.27416 5.96236 6.01944 6.68258 6.84106 5.83901 5.99876 6.29675 6.72297 6.7453 6.0797 6.15476 5.89059 6.29771 5.81692 7.06415 6.71704 6.10406 6.75094 6.57714 6.40906 6.03106 6.25808 6.25295 6.72904 6.82022 5.85238 6.79131 5.93078 6.58326 6.58287 7.00016 6.26545 6.2214 6.2491 6.86099 6.40139 6.51397 6.49263 5.99466 6.93559 6.58154 6.12891 6.25216 6.74056 7.032 6.6449
0 5.9892 9.98015 8.40715 4.76873 4.11068 9.50371 4.35294 10.3497 9.08921 4.71301 9.73526 7.74902 999 10.962 7.39635 6.04126 8.61395 10.1305 8.07679 4.79185 3.34885 2.89883 5.92056 11.3338 4.42688 10.7126 2.6803 8.25969 2.12558 1.97434 8.72253 6.72631 1.72418 7.18471 7.772 8.49301 11.1636 9.48077 7.79705 4.98616 4.73334 9.51417 3.3444 7.62318 2.84965 8.25654 7.73794 6.83407 3.69121 7.07071 9.2606 7.04994 9.87322 6.86187 7.54844 5.32576 6.60446 4.30838 9.77129 8.63203 9.10618 9.85727 9.90116 7.35133 8.88361 9.20107 10.9449 9.61246 6.34215 1.05475 10.8 11.0533 9.39854 8.48446 4.19421 2.92289 3.89344 8.79865 7.58396 6.05743 9.40166 9.59694 9.63447 9.7266 9.6816 9.79483 9.77522 9.29142 9.70675 9.27636 9.67121 9.81824 9.48859 9.06937 9.48719 9.53363 9.71455 9.97485 9.71622 9.41555 9.64233 9.54095 9.91487 10.0064 9.83983 10.0405 9.87799 10.0704 9.33687 9.64543 9.24784 9.50889 10.0265 9.63015 9.48261 8.94965 9.55812 9.61012 9.41432 9.19671 9.47427 9.56346 9.84247 9.23015 9.0897 9.27186 9.37073 9.32496 9.78491 9.48587 8.95418 10.1403 9.6713 9.41246 8.98018 9.17742 9.56804 9.48429 9.65967 9.27036 9.81501 9.45238 9.65287 9.44445 9.89012 9.75367 9.16418 9.3325 9.6028 9.2105 9.37653 9.73749 9.2363 9.99634 10.0006 9.14641 9.75976 9.60504 9.88026 9.93318
0 6.4087 9.76584 4.83828 9.15149 9.92292 4.80851 9.19696 3.245 4.06011 14.0781 12.0703 4.88016 10.962 999 12.3483 5.57743 10.3992 4.14693 12.9914 12.4494 7.9272 11.7679 8.62944 14.0316 6.588 1.03465 10.5746 8.37846 11.0885 12.5471 12.0414 13.8981 9.91799 7.67696 13.4501 2.87559 12.7328 11.4153 9.75876 7.88001 11.471 4.97752 7.78795 6.47121 9.9515 5.88562 14.9899 13.8514 8.72053 3.94576 14.5816 12.2066 9.63129 6.70484 9.15272 9.39195 8.33644 11.0723 14.1202 11.8932 2.36542 12.0113 14.4295 6.60232 9.51719 6.74437 1.89694 2.4613 7.72231 10.6188 0.629682 1.386 2.98573 11.7677 8.6552 9.75486 7.07057 8.6543 16.4133 5.25709 4.01685 3.98838 3.23705 3.6855 4.21057 3.34404 3.43934 3.28906 3.35418 3.67977 3.3391 3.94574 3.75026 3.71602 3.90863 4.12088 3.94781 3.68969 4.09468 3.50804 4.25558 3.97483 3.55512 3.56969 3.71256 3.60089 3.9377 3.63396 4.08507 3.40462 3.45248 3.46677 3.52739 3.40618 3.18204 3.7659 3.97046 4.11949 3.11003 3.50568 3.5822 4.01522 3.79193 3.56416 3.78236 3.31122 3.68124 3.17598 4.24693 4.07735 3.85374 3.52875 3.73779 3.77358 3.7495 3.8168 3.44039 4.09339 4.04972 3.27031 3.87484 3.17602 3.76227 3.9521 4.07402 3.27619 3.78744 3.6606 4.15065 3.9511 3.93141 3.5719 3.46251 3.89767 3.4383 3.69973 3.25397 3.99964 4.12335 3.5817
0 6.12132 4.7361 12.6997 3.78529 3.68582 13.7289 10.996 13.6559 8.52602 4.89985 2.84851 7.47276 7.39635 12.3483 999 10.3773 2.93109 13.94 0.76243 3.0027 6.47654 4.69915 3.78452 3.9911 7.58839 11.539 4.75079 4.4981 5.28607 6.57912 1.70144 2.39742 8.62853 13.0096 1.12872 11.3422 4.20526 2.98117 2.94646 10.9286 2.66993 8.0433 6.80537 5.96419 4.81773 13.1324 3.06139 2.23949 10.042 9.08936 2.34214 0.347131 4.73295 5.64354 3.41721 3.26204 4.01314 3.09362 2.4337 1.70188 9.98481 3.02478 2.62682 5.7863 3.92827 6.46919 13.4216 9.98842 4.63751 6.3764 11.8522 13.2207 12.5968 1.63487 10.5499 4.86199 7.96144 14.8381 5.29967 9.99162 13.2117 13.3799 12.992 13.3344 13.577 13.2081 13.2431 12.6745 13.1299 12.896 13.087 13.5596 13.1453 12.7064 13.2328 13.3931 13.4664 13.5635 13.5467 12.934 13.5652 13.3202 13.4365 13.5273 13.4536 13.5746 13.6092 13.6189 13.1879 13.0996 12.7301 13.0023 13.5225 13.0858 12.8069 12.6118 13.3339 13.4631 12.6919 12.7096 13.0353 13.3634 13.499 12.7799 12.7677 12.6677 12.9908 12.639 13.6891 13.3248 12.6709 13.6246 13.3116 13.0849 12.6338 12.8775 13.0451 13.3321 13.471 12.6405 13.5187 12.7722 13.3079 13.2164 13.6921 13.1304 12.8467 12.9409 13.4731 12.989 13.1397 13.2817 12.7242 13.6933 13.4508 12.776 13.1235 13.3935 13.7092 13.4676
0 4.84146 10.1341 2.48622 6.59242 6.89351 3.59701 3.63501 4.31251 5.84796 10.1552 11.4247 5.14608 6.04126 5.57743 10.3773 999 9.75379 4.11962 11.1348 9.16363 4.06492 7.81634 6.87001 13.4378 2.79029 5.73582 6.74644 8.18841 6.94862 7.91608 10.869 11.0296 4.63871 3.14274 11.2684 2.74046 12.5841 10.8815 8.85765 2.35257 8.44214 6.81846 3.76279 6.34804 6.24674 2.75536 12.1829 11.0535 3.16319 2.78325 12.7029 10.108 9.98801 5.92166 8.28691 7.13381 7.08102 7.93494 12.6871 10.727 4.62313 11.4536 12.9369 6.23462 9.33332 7.72158 5.05408 5.32824 6.39519 6.07711 5.65279 5.26674 3.40178 10.5687 3.07847 6.09036 2.5866 4.86796 12.8943 0.552178 3.3757 3.57098 3.60356 3.68687 3.67707 3.75688 3.7349 3.26565 3.66914 3.23512 3.63453 3.79079 3.44939 3.02814 3.45485 3.51844 3.68664 3.93596 3.70007 3.37568 3.6428 3.51346 3.87369 3.96539 3.8012 3.99986 3.85027 4.03034 3.31572 3.60665 3.21215 3.46938 3.98528 3.59144 3.45957 2.9084 3.5305 3.59553 3.40104 3.15943 3.43308 3.53924 3.8067 3.1904 3.04885 3.24492 3.32968 3.30866 3.78494 3.46606 2.91376 4.09912 3.63274 3.37344 2.93895 3.13787 3.52881 3.46592 3.63914 3.24702 3.78319 3.43089 3.61502 3.41436 3.87286 3.71884 3.12382 3.29126 3.59127 3.17727 3.34432 3.69627 3.20033 3.96647 3.95975 3.10516 3.72595 3.58 3.86747 3.89222
0 4.94696 1.82497 11.7764 3.93071 4.50717 12.6896 11.3287 12.267 6.36589 7.45946 1.72803 5.6347 8.61395 10.3992 2.93109 9.75379 999 12.7203 3.1969 5.33285 6.51332 6.5017 3.03863 3.76595 7.1503 9.47952 6.01592 2.02544 6.74835 8.41366 1.75824 5.30495 9.394 12.7343 3.94965 10.0069 2.84839 1.13088 0.918314 10.9133 4.52994 5.64734 6.81393 3.98212 5.76467 12.4131 5.97302 5.15637 10.3319 7.79079 4.52739 3.05722 1.80834 4.01976 1.4682 3.32099 2.67686 4.68062 3.80873 1.62754 8.11385 1.72122 4.12923 3.92046 1.05603 3.8996 11.7531 7.94462 3.35908 7.56483 9.8372 11.4614 11.2581 1.55425 10.7784 5.70412 7.76417 14.549 8.22558 9.27097 12.0506 12.194 11.677 12.0849 12.4188 11.8954 11.9481 11.3979 11.8276 11.6891 11.7856 12.3431 11.9305 11.5236 12.0449 12.2359 12.2614 12.2881 12.3657 11.685 12.4188 12.1379 12.1458 12.229 12.1967 12.2776 12.3847 12.3238 12.0447 11.8117 11.4859 11.7378 12.2152 11.7996 11.496 11.4476 12.1491 12.2976 11.374 11.479 11.7935 12.1855 12.2547 11.5569 11.5951 11.3966 11.7756 11.3397 12.5255 12.1653 11.5223 12.3048 12.0765 11.8815 11.4642 11.7032 11.7705 12.1755 12.2887 11.3622 12.2909 11.4628 12.0787 12.0401 12.4884 11.8106 11.6685 11.7256 12.3136 11.835 11.9666 12.0123 11.4828 12.4491 12.132 11.5839 11.7995 12.2087 12.5147 12.1793
0 7.89476 12.5992 1.76918 10.2419 10.7226 0.892861 6.89529 0.92358 7.1134 14.2473 14.4479 7.21649 10.1305 4.14693 13.94 4.11962 12.7203 999 14.6721 13.1235 8.02554 11.8935 10.2043 16.486 6.62118 4.99313 10.7861 10.8492 11.0429 12.0294 14.1164 14.9077 8.62701 4.39182 14.9294 2.7225 15.397 13.8348 11.9075 5.62524 12.3169 8.19603 7.75418 8.8213 10.2479 2.42572 16.0599 14.9116 6.858 4.93883 16.2805 13.7119 12.4532 8.70175 11.2914 10.6929 10.1981 11.829 16.0894 13.9676 5.17867 14.4359 16.3684 8.82832 12.0526 9.70699 2.39754 5.75022 9.4951 10.1964 4.6534 2.91678 1.52053 13.8189 6.55656 10.0774 6.63461 4.80084 16.9436 4.25018 0.757865 0.57061 1.10226 0.640447 0.450522 0.904686 0.824925 1.32908 0.945511 1.04513 0.982195 0.381087 0.796879 1.23451 0.711953 0.601426 0.474259 0.49079 0.42126 1.0358 0.494723 0.631222 0.64452 0.597545 0.539593 0.558029 0.335772 0.519236 0.807492 0.939429 1.23446 0.989247 0.634375 0.948746 1.26362 1.33394 0.615819 0.524295 1.38633 1.24376 0.926806 0.594788 0.4714 1.16829 1.17666 1.32794 0.952338 1.40056 0.356085 0.657134 1.2853 0.618306 0.643814 0.855201 1.3101 1.06789 0.964547 0.655678 0.488347 1.36492 0.429371 1.29309 0.641835 0.736379 0.253941 0.992256 1.09656 1.0026 0.528685 0.97564 0.813013 0.728205 1.23778 0.287216 0.729635 1.16405 1.01047 0.558514 0.25231 0.611238
0 6.82761 4.91867 13.4484 4.54411 4.44113 14.4726 11.7415 14.3734 9.1145 5.24605 2.66918 8.11123 8.07679 12.9914 0.76243 11.1348 3.1969 14.6721 999 3.52785 7.23882 5.31738 4.48938 3.43991 8.34675 12.1602 5.45631 4.96397 5.95587 7.15629 1.62049 2.48099 9.35086 13.7717 0.819085 12.06 3.89329 2.96623 3.40771 11.6877 3.34428 8.57376 7.56762 6.56266 5.55313 13.8896 2.85391 2.30217 10.7915 9.80327 1.61447 1.07331 4.93803 6.29232 3.94038 4.01128 4.66075 3.7961 1.70206 1.68716 10.6328 2.85545 1.87417 6.40158 4.24323 6.93733 14.1083 10.607 5.3101 7.07022 12.4825 13.8949 13.3169 1.69189 11.3013 5.60432 8.72377 15.6 5.23072 10.7453 13.947 14.1136 13.7149 14.0633 14.313 13.9316 13.9682 13.4001 13.8542 13.6275 13.8113 14.2914 13.8766 13.4393 13.9662 14.129 14.1989 14.2907 14.2811 13.6623 14.3021 14.0541 14.1623 14.2526 14.1822 14.3001 14.3404 14.3446 13.9244 13.8251 13.4584 13.7295 14.247 13.8113 13.5299 13.3459 14.0677 14.1984 13.4141 13.439 13.7643 14.0977 14.2286 13.51 13.5015 13.3938 13.7218 13.3627 14.4249 14.0604 13.4063 14.3482 14.0416 13.8169 13.3676 13.6114 13.7715 14.0679 14.2052 13.366 14.2496 13.4953 14.0384 13.9506 14.425 13.8532 13.5802 13.6718 14.2089 13.7244 13.8741 14.0089 13.4528 14.4232 14.1742 13.5084 13.8459 14.1274 14.4428 14.1936
0 6.07873 7.10788 11.6351 3.34368 2.52834 12.7326 8.86671 13.0356 9.16764 2.15669 5.78496 7.86817 4.79185 12.4494 3.0027 9.16363 5.33285 13.1235 3.52785 999 5.11142 1.89995 4.22606 6.95777 6.5025 11.8245 2.50922 6.11772 2.70897 3.63816 4.64247 1.98217 6.28956 11.3085 3.0563 10.7932 7.18401 5.78014 4.87346 9.10218 1.0435 9.03172 5.40296 6.7719 2.92385 11.8428 3.09006 2.06584 8.00392 8.69442 4.50051 2.67868 7.05783 6.16677 5.02021 3.29844 4.84814 1.37713 5.14437 4.60663 10.1457 5.94933 5.22536 6.51455 6.08159 7.85831 13.13 10.3581 5.1514 3.89324 12.0631 13.046 11.9747 4.49891 8.5329 3.07371 6.57928 13.0801 3.96415 8.90717 12.367 12.5531 12.3232 12.5777 12.7116 12.5258 12.54 11.9809 12.4403 12.1159 12.3985 12.757 12.3607 11.9106 12.4154 12.5354 12.6558 12.8238 12.7069 12.1969 12.6881 12.4926 12.7193 12.814 12.6993 12.8577 12.8127 12.8978 12.3254 12.396 11.9986 12.2785 12.8193 12.381 12.1434 11.8014 12.5082 12.6108 12.0421 11.9647 12.2852 12.529 12.7289 12.0231 11.958 11.9686 12.2147 11.9718 12.8243 12.4728 11.841 12.9301 12.5407 12.2913 11.8279 12.0637 12.3298 12.4768 12.6362 11.9506 12.73 12.1089 12.5308 12.3875 12.8696 12.4598 12.0387 12.1673 12.6141 12.1479 12.3113 12.5489 11.9902 12.9141 12.7634 11.9865 12.4579 12.565 12.8762 12.7464
0 2.71118 7.45838 6.52559 2.76471 2.861 7.62127 4.81553 7.99165 5.7404 6.31041 8.00812 4.40369 3.34885 7.9272 6.47654 4.06492 6.51332 8.02554 7.23882 5.11142 999 3.94588 3.47968 9.91456 1.436 7.54321 2.78632 5.5412 3.18423 4.64844 7.24589 6.96485 3.20156 6.53351 7.28376 5.82835 9.32923 7.57201 5.60029 4.49722 4.38001 6.19317 0.328938 4.45533 2.22407 6.78425 8.11799 6.99046 3.81861 3.98283 8.75557 6.18001 7.32912 3.71849 5.15757 3.38031 3.98855 3.87083 8.86908 7.11733 5.88331 8.07894 9.09124 4.20301 6.44007 6.07322 8.25424 6.3337 3.49412 2.74651 7.6801 8.25545 6.94542 6.95615 4.27029 2.05185 1.5096 8.36336 8.92736 3.79606 7.26789 7.45613 7.27055 7.49575 7.60793 7.46612 7.47341 6.92394 7.3791 7.03177 7.33823 7.66349 7.27365 6.8244 7.32098 7.43346 7.56133 7.74427 7.60701 7.12366 7.58298 7.39574 7.64676 7.74174 7.61696 7.78407 7.72002 7.82267 7.22362 7.33085 6.92909 7.20829 7.74988 7.31558 7.09502 6.71262 7.41169 7.50934 7.00043 6.89152 7.20747 7.43077 7.64256 6.94602 6.86819 6.90991 7.13074 6.92459 7.72032 7.37202 6.74767 7.86236 7.45548 7.2027 6.73995 6.97218 7.26165 7.37543 7.53739 6.89533 7.6395 7.06112 7.44418 7.29108 7.77176 7.40478 6.94865 7.08444 7.51163 7.05051 7.21531 7.47352 6.91997 7.82448 7.69947 6.90111 7.40468 7.46768 7.77664 7.6725
0 5.69604 8.13143 10.3014 3.32674 2.37084 11.4132 7.0752 11.9161 8.95684 2.36637 7.30068 7.58752 2.89883 11.7679 4.69915 7.81634 6.5017 11.8935 5.31738 1.89995 3.94588 999 4.49909 8.68968 5.38046 11.2752 1.19331 6.75752 0.91022 1.92925 6.20291 3.8302 4.45601 9.6635 4.92804 9.77418 8.73303 7.17207 5.83976 7.43566 2.07531 9.04899 4.17452 6.84953 1.81959 10.3871 4.86692 3.93554 6.2626 7.85955 6.3939 4.3546 8.05315 6.13583 5.79169 3.62509 5.2161 1.82222 6.98259 6.13788 9.5832 7.44694 7.08572 6.5704 7.03921 8.205 12.1966 9.91658 5.26806 2.06197 11.4603 12.1833 10.8789 6.00683 6.79124 2.01735 5.25894 11.3914 5.0902 7.64385 11.137 11.329 11.1922 11.3918 11.4631 11.3826 11.3847 10.8441 11.2948 10.9273 11.2547 11.542 11.1641 10.7182 11.1994 11.2947 11.4385 11.6421 11.4725 11.0305 11.4336 11.2692 11.5522 11.6471 11.5121 11.688 11.5998 11.7249 11.0865 11.2438 10.84 11.1176 11.6578 11.2284 11.0197 10.6034 11.2857 11.3715 10.9287 10.7994 11.1095 11.3012 11.5323 10.8498 10.7566 10.829 11.026 10.8503 11.5739 11.2366 10.6311 11.7713 11.3476 11.0913 10.6318 10.8575 11.1725 11.2386 11.4059 10.8167 11.5232 10.9862 11.3345 11.1658 11.6413 11.3246 10.8363 10.9812 11.371 10.9247 11.0914 11.3769 10.8304 11.7087 11.6121 10.7956 11.3256 11.3397 11.6421 11.5766
0 2.33857 4.09185 9.05868 1.21037 2.13178 10.048 8.29444 9.88551 5.01601 6.26486 4.60324 3.80706 5.92056 8.62944 3.78452 6.87001 3.03863 10.2043 4.48938 4.22606 3.47968 4.49909 999 6.58444 4.16823 7.87681 3.61311 2.35553 4.39291 6.20492 4.00106 5.32686 6.46345 9.75833 4.84952 7.57264 5.87278 4.12019 2.1225 7.88449 3.18291 4.8072 3.77661 2.54876 3.16242 9.59263 6.38176 5.26161 7.2974 5.31456 6.10379 3.60323 3.97615 1.99985 1.69744 0.934933 0.723395 2.97316 5.89414 3.85811 6.26566 4.65473 6.16733 2.29811 3.02002 3.72336 9.64017 6.3472 0.95 4.92062 8.16472 9.44966 8.83111 3.70041 7.74041 3.03916 4.74031 11.5842 8.04607 6.42511 9.48878 9.65077 9.23178 9.5891 9.85656 9.44903 9.48763 8.92065 9.37256 9.1592 9.3297 9.82323 9.40759 8.97502 9.50252 9.67215 9.73257 9.81328 9.81971 9.18721 9.84821 9.59179 9.68258 9.77213 9.70709 9.81985 9.87094 9.8647 9.47006 9.34509 8.98353 9.25235 9.76557 9.3315 9.04681 8.88504 9.60486 9.74003 8.93018 8.96618 9.29058 9.63637 9.75556 9.03859 9.03943 8.91502 9.25236 8.88052 9.96757 9.60285 8.94895 9.86555 9.56963 9.34984 8.90565 9.14929 9.29308 9.611 9.7433 8.88621 9.77933 9.01227 9.56734 9.4892 9.95952 9.36977 9.11727 9.20216 9.75182 9.26702 9.41304 9.5317 8.9783 9.95064 9.69138 9.04251 9.36211 9.66477 9.97917 9.71431
0 8.68463 4.38754 15.5248 7.16152 7.3952 16.4505 14.6584 16.0246 9.97162 8.64567 2.03973 9.3668 11.3338 14.0316 3.9911 13.4378 3.76595 16.486 3.43991 6.95777 9.91456 8.68968 6.58444 999 10.7515 13.0724 8.65938 5.70025 9.24706 10.5665 2.68213 5.76265 12.4487 16.3375 4.07682 13.7715 1.52463 2.65731 4.60835 14.4044 6.644 9.12691 10.2354 7.71625 8.62866 16.1321 5.69549 5.58077 13.6744 11.5563 3.23303 4.33509 4.50099 7.78563 5.21156 6.53717 6.37577 7.03052 2.10238 2.80273 11.8028 2.05353 2.24804 7.6744 4.52283 7.32888 15.4671 11.5707 7.07719 10.2954 13.4469 15.1527 15.021 2.96319 14.1563 8.63515 11.2902 18.1659 8.09104 12.9735 15.8161 15.9599 15.4406 15.8504 16.1845 15.6589 15.7123 15.1631 15.5916 15.455 15.5497 16.1089 15.6965 15.2893 15.8108 16.0015 16.0273 16.0528 16.1316 15.4507 16.1842 15.9037 15.91 15.9928 15.9619 16.0414 16.1505 16.0877 15.8098 15.5763 15.2517 15.5031 15.9786 15.5642 15.2599 15.2129 15.9149 16.0633 15.1378 15.2449 15.5593 15.9513 16.0202 15.3228 15.3606 15.162 15.5415 15.1043 16.2912 15.9309 15.2872 16.0674 15.8423 15.6474 15.2297 15.4689 15.5355 15.941 16.0546 15.1275 16.0567 15.2268 15.8446 15.8058 16.2543 15.5738 15.4342 15.4915 16.0792 15.6003 15.7323 15.7774 15.2486 16.2145 15.8949 15.3497 15.5625 15.9746 16.2806 15.9436
0 2.51285 7.78759 5.18247 3.80312 4.13437 6.26 4.52294 6.56062 4.9098 7.74576 8.76786 3.70656 4.42688 6.588 7.58839 2.79029 7.1503 6.62118 8.34675 6.5025 1.436 5.38046 4.16823 10.7515 999 6.28841 4.22181 5.81532 4.60185 5.96185 8.13935 8.30569 3.74354 5.59172 8.48071 4.39427 9.99862 8.26175 6.23619 3.82624 5.7116 5.56925 1.22413 4.28534 3.65067 5.54553 9.45986 8.31867 3.57817 2.65601 9.91262 7.31777 7.64739 3.66395 5.70544 4.35387 4.48486 5.21584 9.91252 8.00078 4.6825 8.81277 10.1574 4.08862 6.87119 5.86571 6.82755 5.21254 3.84752 4.0321 6.38834 6.844 5.51144 7.84077 3.90217 3.4722 0.805233 7.4161 10.3538 2.44033 5.86504 6.05071 5.84109 6.07819 6.21157 6.03879 6.04845 5.49542 5.95218 5.61537 5.91101 6.25459 5.85938 5.40939 5.91294 6.0344 6.15335 6.32542 6.2051 5.70131 6.18918 5.99015 6.22435 6.31926 6.19967 6.36225 6.31031 6.40158 5.82437 5.90529 5.50497 5.78463 6.32618 5.89009 5.6644 5.29949 6.00579 6.10953 5.56837 5.469 5.78739 6.02675 6.22789 5.52548 5.45595 5.4819 5.71426 5.49362 6.32444 5.97135 5.33851 6.43808 6.03996 5.78959 5.32618 5.56136 5.83717 5.9755 6.13407 5.46631 6.22797 5.63035 6.02962 5.88511 6.36724 5.97602 5.5366 5.66728 6.11331 5.64557 5.80881 6.05236 5.49613 6.41228 6.27368 5.48551 5.97545 6.06267 6.37425 6.25074
0 5.74669 8.77698 5.43004 8.4935 9.31296 5.56864 9.3665 4.12753 3.11451 13.5431 11.1306 4.07707 10.7126 1.03465 11.539 5.73582 9.47952 4.99313 12.1602 11.8245 7.54321 11.2752 7.87681 13.0724 6.28841 999 10.085 7.45432 10.6481 12.1913 11.1492 13.1872 9.80867 8.15542 12.6522 3.223 11.7519 10.4732 8.87464 8.08486 10.8231 3.97786 7.44259 5.60446 9.45624 6.48275 14.2578 13.1307 8.79351 3.64539 13.7361 11.415 8.64454 5.90925 8.27783 8.68242 7.52931 10.4501 13.2322 11.0022 1.69331 11.065 13.5447 5.75876 8.57114 5.76056 2.8821 1.55361 6.94801 10.278 0.404969 2.39635 3.67708 10.8815 8.79042 9.2583 6.86184 9.28772 15.7788 5.33705 4.75377 4.75702 3.9952 4.4713 4.99419 4.1359 4.22951 3.97574 4.12998 4.38349 4.10774 4.7485 4.49613 4.3794 4.65782 4.88111 4.73464 4.5153 4.88283 4.23239 5.03362 4.73419 4.37053 4.39977 4.51719 4.43632 4.7494 4.47395 4.81251 4.17019 4.13922 4.20802 4.36046 4.16889 3.90567 4.40681 4.73257 4.89166 3.81391 4.18434 4.32064 4.77884 4.59756 4.25314 4.45344 3.99482 4.40331 3.86304 5.04562 4.82934 4.50085 4.37926 4.51509 4.50635 4.39595 4.50689 4.19224 4.84537 4.82891 3.95088 4.67674 3.89259 4.53685 4.69492 4.88765 4.05887 4.47367 4.37456 4.92198 4.65252 4.66203 4.35779 4.1473 4.72666 4.26677 4.37824 4.03724 4.76972 4.93556 4.40026
0 4.54604 7.50351 9.23139 2.403 1.54379 10.339 6.40925 10.7761 7.81543 3.53504 7.06229 6.4405 2.6803 10.5746 4.75079 6.74644 6.01592 10.7861 5.45631 2.50922 2.78632 1.19331 3.61311 8.65938 4.22181 10.085 999 5.95121 0.780064 2.59515 6.04226 4.47946 3.91019 8.79932 5.23717 8.60898 8.49377 6.83018 5.2501 6.59413 2.13178 7.96157 3.03595 5.806 0.629682 9.37951 5.59912 4.54591 5.51806 6.66937 6.74712 4.4071 7.40964 5.07027 5.09012 2.84164 4.33559 1.66027 7.15814 5.95234 8.39372 7.188 7.31001 5.52461 6.39932 7.23715 11.0212 8.7365 4.27791 1.636 10.2679 10.9996 9.73154 5.80541 6.04525 0.827587 4.16515 10.5725 6.15796 6.53854 10.0284 10.2187 10.0541 10.2695 10.3615 10.248 10.2535 9.70692 10.1607 9.80496 10.1201 10.429 10.0447 9.59665 10.0862 10.19 10.3262 10.5189 10.3659 9.9018 10.334 10.1586 10.4246 10.5196 10.3903 10.5613 10.4863 10.5992 9.98083 10.1114 9.70878 9.98744 10.5287 10.0961 9.87936 9.48339 10.1748 10.2664 9.78565 9.66997 9.98364 10.1921 10.4135 9.7228 9.63797 9.69253 9.90388 9.70919 10.4731 10.1302 9.51493 10.6416 10.2274 9.97279 9.51124 9.74054 10.0414 10.1329 10.2978 9.67866 10.4075 9.84557 10.2153 10.0545 10.5329 10.1878 9.71813 9.85824 10.2673 9.8134 9.97933 10.2504 9.69943 10.5929 10.4801 9.67377 10.188 10.2299 10.5357 10.4498
0 3.36743 1.97284 10.0276 3.5581 4.43254 10.8828 10.2501 10.3471 4.34047 8.26087 3.70001 3.67143 8.25969 8.37846 4.4981 8.18841 2.02544 10.8492 4.96397 6.11772 5.5412 6.75752 2.35553 5.70025 5.81532 7.45432 5.95121 999 6.7309 8.5315 3.73162 6.66562 8.6783 11.273 5.61424 8.12682 4.54802 3.05164 1.55901 9.64142 5.12987 3.6494 5.79152 2.03049 5.51748 10.7424 7.52522 6.54836 9.26383 5.96915 6.43699 4.49829 1.83208 2.26947 1.13225 3.13844 1.65529 5.07159 5.8104 3.58922 6.1104 3.65396 6.12817 2.03185 1.20333 1.97517 9.76783 5.9215 2.04788 7.27138 7.81317 9.46104 9.36216 3.48432 9.65553 5.39431 6.53244 13.0493 9.57435 7.67179 10.2063 10.3395 9.78453 10.2099 10.5717 10.0017 10.0595 9.5208 9.93779 9.83264 9.89652 10.4766 10.0688 9.6776 10.1912 10.3911 10.3996 10.4027 10.5112 9.81415 10.5758 10.2852 10.2568 10.3369 10.3181 10.3854 10.5151 10.4319 10.2069 9.92669 9.61879 9.86116 10.3204 9.9152 9.60657 9.60928 10.2954 10.4491 9.48362 9.6167 9.92398 10.3338 10.3798 9.69626 9.75183 9.52138 9.91532 9.45574 10.6753 10.3204 9.6887 10.4052 10.2064 10.0242 9.62372 9.85818 9.89025 10.3314 10.4345 9.48497 10.4211 9.57417 10.2106 10.1905 10.6249 9.91538 9.82242 9.86584 10.467 9.99572 10.1189 10.1315 9.61665 10.5724 10.2342 9.73388 9.90301 10.3544 10.654 10.2908
0 5.2219 8.26722 9.43001 3.18266 2.31465 10.5429 6.18466 11.0941 8.49026 3.20665 7.72493 7.11216 2.12558 11.0885 5.28607 6.94862 6.74835 11.0429 5.95587 2.70897 3.18423 0.91022 4.39291 9.24706 4.60185 10.6481 0.780064 6.7309 999 1.82014 6.67323 4.67937 3.58403 8.75329 5.64865 8.99005 9.16027 7.52559 6.00314 6.52559 2.61691 8.68164 3.38043 6.5525 1.31575 9.49274 5.74474 4.77246 5.35855 7.15353 7.1418 4.93903 8.1756 5.80917 5.8608 3.61602 5.11517 2.22036 7.64776 6.59215 8.96413 7.85796 7.77569 6.2709 7.16348 8.00373 11.4293 9.34259 5.0446 1.18474 10.8117 11.439 10.0668 6.45034 5.88766 1.49693 4.41463 10.4831 5.98505 6.79831 10.288 10.481 10.3692 10.5534 10.6088 10.5556 10.5545 10.0206 10.4675 10.0894 10.428 10.6957 10.3235 9.87984 10.3538 10.4427 10.5919 10.8042 10.6216 10.1982 10.578 10.4216 10.7184 10.8131 10.673 10.853 10.754 10.8891 10.2354 10.4147 10.0105 10.2865 10.8252 10.3993 10.1992 9.76395 10.4382 10.5196 10.1114 9.96811 10.2745 10.4523 10.6908 10.0162 9.91586 10.0047 10.1878 10.031 10.7189 10.3858 9.78849 10.9391 10.5075 10.2499 9.79274 10.0152 10.3423 10.3873 10.5562 9.99397 10.679 10.1661 10.4936 10.3188 10.7916 10.5 9.99511 10.1438 10.5182 10.0779 10.2451 10.5422 10.0005 10.8645 10.7823 9.95754 10.5018 10.4914 10.7909 10.7419
0 6.96058 10.0059 10.3279 4.99604 4.10001 11.4319 6.27717 12.1986 10.2107 2.8956 9.22616 8.83428 1.97434 12.5471 6.57912 7.91608 8.41366 12.0294 7.15629 3.63816 4.64844 1.92925 6.20492 10.5665 5.96185 12.1913 2.59515 8.5315 1.82014 999 8.12136 5.35451 3.68592 9.15391 6.68613 10.2388 10.6568 9.10104 7.72166 6.96024 3.99846 10.4582 4.76103 8.35859 3.12181 10.2166 6.22859 5.49386 5.66083 8.6044 8.08975 6.23895 9.92117 7.60978 7.62641 5.40045 6.92807 3.74445 8.78206 8.0599 10.5302 9.37391 8.85647 8.07711 8.90632 9.82263 12.6985 10.9609 6.86394 1.93041 12.3223 12.7647 11.2168 7.93095 6.15761 3.29164 5.58173 10.7437 5.72441 7.87688 11.2908 11.4861 11.4772 11.5994 11.583 11.647 11.6333 11.1306 11.5585 11.143 11.5215 11.7064 11.3629 10.9343 11.3709 11.4296 11.6023 11.8494 11.6118 11.2732 11.5459 11.429 11.7812 11.8741 11.715 11.9101 11.7659 11.942 11.2292 11.4997 11.0981 11.3653 11.8918 11.4843 11.3184 10.8152 11.446 11.5065 11.243 11.0496 11.3378 11.4539 11.7222 11.088 10.9596 11.1122 11.2391 11.1563 11.6885 11.3791 10.826 12.006 11.5467 11.2872 10.8453 11.0513 11.4236 11.3784 11.5526 11.1076 11.6993 11.287 11.5296 11.3303 11.7853 11.6008 11.0359 11.1989 11.5008 11.0933 11.2604 11.6035 11.087 11.8825 11.8603 11.0119 11.6055 11.4949 11.7779 11.8012
0 6.22917 3.34187 13.0434 4.48599 4.72424 14.0115 11.9767 13.727 8.04622 6.59826 1.14983 7.20503 8.72253 12.0414 1.70144 10.869 1.75824 14.1164 1.62049 4.64247 7.24589 6.20291 4.00106 2.68213 8.13935 11.1492 6.04226 3.73162 6.67323 8.12136 999 4.02672 9.78064 13.707 2.43633 11.4329 2.54568 1.34629 2.28484 11.7412 4.12778 7.37862 7.56886 5.57413 5.97039 13.5935 4.47415 3.85565 10.9936 9.18138 2.77721 1.98283 3.37557 5.47033 2.89914 3.86559 3.91829 4.45623 2.0837 0.15 9.72019 1.32378 2.39885 5.46694 2.80589 5.65042 13.3118 9.60267 4.62177 7.6745 11.4961 13.0491 12.6935 0.300832 11.4774 5.96805 8.64464 15.5387 6.84392 10.4261 13.4196 13.5738 13.1055 13.4897 13.7886 13.3242 13.3702 12.8097 13.2519 13.0746 13.2094 13.7361 13.3206 12.8984 13.4247 13.6043 13.6493 13.7042 13.7445 13.0874 13.7837 13.5159 13.5672 13.6538 13.605 13.7021 13.781 13.7479 13.4063 13.2303 12.8853 13.1467 13.6435 13.2174 12.9219 12.8143 13.5282 13.6697 12.802 12.8729 13.1937 13.562 13.6583 12.9482 12.9661 12.8062 13.165 12.7602 13.898 13.5342 12.8831 13.7384 13.4755 13.2667 12.8332 13.0756 13.1836 13.5433 13.6676 12.7745 13.6881 12.8879 13.4754 13.4152 13.8769 13.2417 13.0423 13.1147 13.6833 13.1998 13.34 13.4246 12.881 13.8537 13.5643 12.9628 13.2322 13.5882 13.8997 13.6
