0 0 0 0 0 0 0 0 0 0
0 999 7.38953 8.82281 6.49511 5.13419 4.76975 5.06315 4.39884 5.06231
0 7.38953 999 13.6012 2.47814 2.61354 3.01606 2.69509 3.18686 2.45893
0 8.82281 13.6012 999 11.3641 11.0542 10.6864 10.9779 10.6881 11.339
0 6.49511 2.47814 11.3641 999 1.5279 1.78577 1.56983 2.22882 1.85291
0 5.13419 2.61354 11.0542 1.5279 999 0.409128 0.0821604 0.742366 0.438685
0 4.76975 3.01606 10.6864 1.78577 0.409128 999 0.327213 0.45892 0.668878
0 5.06315 2.69509 10.9779 1.56983 0.0821604 0.327213 999 0.678774 0.470713
0 4.39884 3.18686 10.6881 2.22882 0.742366 0.45892 0.678774 999 0.727937
0 5.06231 2.45893 11.339 1.85291 0.438685 0.668878 0.470713 0.727937 999