0 0 0 0 0 0 0 0 0 0 0 0 0 0
0 999 5.98415 16.8899 5.72281 5.339 14.0485 2.4294 2.13058 1.34145 1.79914 1.74175 2.02785 1.79
0 5.98415 999 11.9483 0.403113 8.51213 8.16297 3.71728 3.9536 4.69031 4.18579 4.35452 3.98924 4.19518
0 16.8899 11.9483 999 11.9562 15.8046 6.10207 15.2522 15.3815 15.9118 15.3498 15.7204 15.3079 15.3084
0 5.72281 0.403113 11.9562 999 8.11498 8.36101 3.52491 3.74132 4.45307 3.93146 4.13654 3.7567 3.93357
0 5.339 8.51213 15.8046 8.11498 999 14.9774 6.69618 6.43395 5.94962 5.88716 6.27242 6.20415 5.7971
0 14.0485 8.16297 6.10207 8.36101 14.9774 999 11.8766 12.1015 12.8091 12.2766 12.4975 12.1159 12.2709
0 2.4294 3.71728 15.2522 3.52491 6.69618 11.8766 999 0.311057 1.09173 0.833222 0.688773 0.506391 0.9139
0 2.13058 3.9536 15.3815 3.74132 6.43395 12.1015 0.311057 999 0.789402 0.548143 0.404112 0.233909 0.636868
0 1.34145 4.69031 15.9118 4.45307 5.94962 12.8091 1.09173 0.789402 999 0.562734 0.414153 0.701847 0.60641
0 1.79914 4.18579 15.3498 3.93146 5.88716 12.2766 0.833222 0.548143 0.562734 999 0.498454 0.326838 0.0955195
0 1.74175 4.35452 15.7204 4.13654 6.27242 12.4975 0.688773 0.404112 0.414153 0.498454 999 0.412534 0.58832
0 2.02785 3.98924 15.3079 3.7567 6.20415 12.1159 0.506391 0.233909 0.701847 0.326838 0.412534 999 0.409682
0 1.79 4.19518 15.3084 3.93357 5.7971 12.2709 0.9139 0.636868 0.60641 0.0955195 0.58832 0.409682 999