0 0 0 0 0 0 0 0 0 0 0 0 0 0 0 0 0 0 0 0 0 0 0 0 0 0 0 0 0 0 0 0 0 0
0 999 8.40859 1.50851 8.11671 9.96356 3.23444 8.56183 11.2212 6.8272 7.47567 5.29205 9.56905 10.5883 1.25016 4.85742 9.79613 6.41292 6.32054 5.67961 6.09322 5.61197 6.15941 5.97898 6.25566 5.57178 5.7069 5.78179 5.94658 5.53785 6.20823 6.17341 6.58209 6.35819
0 8.40859 999 8.31577 11.1749 4.34664 6.18401 0.165529 3.50771 14.1198 1.39517 10.6661 6.01684 3.29621 8.46483 11.4408 5.97664 3.1128 2.9158 3.53281 3.08012 3.88847 3.11381 2.95768 2.88568 3.36902 3.77464 3.58724 3.56397 3.35896 3.10663 2.75488 3.08973 2.84737
0 1.50851 8.31577 999 6.61219 9.19829 2.37697 8.45545 10.7714 6.07166 7.20251 3.89012 8.52596 10.0762 0.308058 3.72941 8.77306 5.8734 5.85223 5.16312 5.62456 4.99583 5.66574 5.58276 5.81047 5.14782 5.10644 5.22357 5.36237 5.13012 5.70671 5.79282 6.02396 5.90223
0 8.11671 11.1749 6.61219 999 9.10838 6.37628 11.2358 11.7305 6.4846 9.78064 3.28256 7.12888 10.921 6.86892 4.71878 7.40708 8.07822 8.31349 7.82441 8.19647 7.42734 8.13356 8.40833 8.36906 8.10718 7.5231 7.71341 7.68444 8.14782 8.12728 8.56937 8.0869 8.38131
0 9.96356 4.34664 9.19829 9.10838 999 6.83773 4.2662 2.74221 13.8709 3.68462 9.92067 2.21326 1.99151 9.45577 11.1599 2.02714 3.67861 3.8763 4.3796 4.07156 4.36846 3.97393 4.29684 3.97431 4.59336 4.28418 4.24341 4.0647 4.64667 3.91864 4.17331 3.49798 3.86769
0 3.23444 6.18401 2.37697 6.37628 6.83773 999 6.30956 8.4181 7.93757 4.96328 4.72366 6.33482 7.71032 2.62162 5.28285 6.56191 3.52192 3.52999 2.83286 3.30693 2.63154 3.33535 3.30771 3.50067 2.87056 2.74516 2.87452 3.00279 2.86456 3.37213 3.52102 3.66519 3.58499
0 8.56183 0.165529 8.45545 11.2358 4.2662 6.30956 999 3.3536 14.2429 1.46823 10.7694 5.97978 3.16057 8.60726 11.559 5.93188 3.18928 3.00383 3.63388 3.17522 3.98282 3.20401 3.06466 2.97878 3.48148 3.86772 3.68188 3.65163 3.4737 3.1944 2.85916 3.15773 2.93571
0 11.2212 3.50771 10.7714 11.7305 2.74221 8.4181 3.3536 999 16.0152 3.82603 12.1833 4.95266 0.811542 10.9846 13.2778 4.75195 4.89883 4.9301 5.61055 5.15921 5.78715 5.10988 5.24539 4.98285 5.6633 5.67296 5.54845 5.41531 5.69213 5.06709 5.04822 4.75292 4.88503
0 6.8272 14.1198 6.07166 6.4846 13.8709 7.93757 14.2429 16.0152 999 12.8647 4.00824 12.431 15.239 6.04937 2.73761 12.7196 11.2847 11.3643 10.6768 11.156 10.3906 11.1606 11.2056 11.3559 10.7753 10.5107 10.6747 10.7609 10.7772 11.1873 11.4177 11.393 11.4263
0 7.47567 1.39517 7.20251 9.78064 3.68462 4.96328 1.46823 3.82603 12.8647 999 9.32629 4.97197 3.32609 7.38024 10.1616 4.98226 1.72108 1.54383 2.19949 1.7282 2.53 1.74667 1.66017 1.5286 2.09447 2.41289 2.2308 2.18925 2.09872 1.73332 1.44746 1.6946 1.47653
0 5.29205 10.6661 3.89012 3.28256 9.92067 4.72366 10.7694 12.1833 4.00824 9.32629 999 8.42346 11.3899 4.07413 1.55 8.71229 7.65067 7.78487 7.13564 7.5992 6.79678 7.58085 7.70875 7.79808 7.3061 6.91464 7.0955 7.14704 7.3227 7.59746 7.91137 7.73162 7.85133
0 9.56905 6.01684 8.52596 7.12888 2.21326 6.33482 5.97978 4.95266 12.431 4.97197 8.42346 999 4.20259 8.81581 9.80458 0.290172 4.14097 4.43433 4.63869 4.54513 4.43716 4.4291 4.83859 4.54553 4.95766 4.40551 4.46184 4.28343 5.02209 4.37756 4.80863 3.98594 4.46075
0 10.5883 3.29621 10.0762 10.921 1.99151 7.71032 3.16057 0.811542 15.239 3.32609 11.3899 4.20259 999 10.2982 12.5025 4.01781 4.20851 4.2701 4.93316 4.49853 5.0808 4.43926 4.61339 4.33271 5.01659 4.96972 4.8571 4.71398 5.0507 4.39323 4.42604 4.05324 4.23066
0 1.25016 8.46483 0.308058 6.86892 9.45577 2.62162 8.60726 10.9846 6.04937 7.38024 4.07413 8.81581 10.2982 999 3.80297 9.06104 6.09101 6.05821 5.37409 5.8297 5.22212 5.87515 5.7756 6.01247 5.34327 5.33073 5.44161 5.58516 5.32272 5.91756 5.98392 6.24504 6.10637
0 4.85742 11.4408 3.72941 4.71878 11.1599 5.28285 11.559 13.2778 2.73761 10.1616 1.55 9.80458 12.5025 3.80297 999 10.0904 8.55997 8.64887 7.96647 8.4442 7.66987 8.44458 8.50654 8.64457 8.08066 7.78996 7.95728 8.03804 8.08601 8.46949 8.71728 8.66466 8.71185
0 9.79613 5.97664 8.77306 7.40708 2.02714 6.56191 5.93188 4.75195 12.7196 4.98226 8.71229 0.290172 4.01781 9.06104 10.0904 999 4.24657 4.53284 4.77535 4.6554 4.59287 4.53997 4.94436 4.64399 5.08581 4.55491 4.60093 4.42003 5.14964 4.48723 4.90264 4.08575 4.55535
0 6.41292 3.1128 5.8734 8.07822 3.67861 3.52192 3.18928 4.89883 11.2847 1.72108 7.65067 4.14097 4.20851 6.09101 8.55997 4.24657 999 0.311235 0.733324 0.413757 0.901837 0.303058 0.698022 0.417402 0.915497 0.783334 0.649834 0.526841 0.970653 0.247523 0.6894 0.180739 0.360043
0 6.32054 2.9158 5.85223 8.31349 3.8763 3.52999 3.00383 4.9301 11.3643 1.54383 7.78487 4.43433 4.2701 6.05821 8.64887 4.53284 0.311235 999 0.697688 0.229155 0.988489 0.20481 0.426817 0.111224 0.753215 0.870236 0.69295 0.648191 0.795264 0.190834 0.380027 0.448428 0.0686154
0 5.67961 3.53281 5.16312 7.82441 4.3796 2.83286 3.63388 5.61055 10.6768 2.19949 7.13564 4.63869 4.93316 5.37409 7.96647 4.77535 0.733324 0.697688 999 0.479811 0.399655 0.503386 0.591879 0.679196 0.353163 0.324367 0.181131 0.355434 0.416351 0.543648 0.780435 0.90475 0.754922
0 6.09322 3.08012 5.62456 8.19647 4.07156 3.30693 3.17522 5.15921 11.156 1.7282 7.5992 4.54513 4.49853 5.8297 8.4442 4.6554 0.413757 0.229155 0.479811 999 0.808351 0.116238 0.301909 0.200483 0.532408 0.695534 0.507117 0.513169 0.57948 0.168235 0.38116 0.588764 0.278375
0 5.61197 3.88847 4.99583 7.42734 4.36846 2.63154 3.98282 5.78715 10.3906 2.53 6.79678 4.43716 5.0808 5.22212 7.66987 4.59287 0.901837 0.988489 0.399655 0.808351 999 0.784146 0.982127 1.00411 0.725161 0.120113 0.301238 0.375258 0.781132 0.803026 1.15599 1.0349 1.05462
0 6.15941 3.11381 5.66574 8.13356 3.97393 3.33535 3.20401 5.10988 11.1606 1.74667 7.58085 4.4291 4.43926 5.87515 8.44458 4.53997 0.303058 0.20481 0.503386 0.116238 0.784146 999 0.416683 0.235517 0.620555 0.666345 0.488156 0.453187 0.672743 0.0557867 0.470982 0.481486 0.270478
0 5.97898 2.95768 5.58276 8.40833 4.29684 3.30771 3.06466 5.24539 11.2056 1.66017 7.70875 4.83859 4.61339 5.7756 8.50654 4.94436 0.698022 0.426817 0.591879 0.301909 0.982127 0.416683 999 0.323059 0.43779 0.885733 0.696894 0.763543 0.452902 0.464223 0.213351 0.861576 0.429146
0 6.25566 2.88568 5.81047 8.36906 3.97431 3.50067 2.97878 4.98285 11.3559 1.5286 7.79808 4.54553 4.33271 6.01247 8.64457 4.64399 0.417402 0.111224 0.679196 0.200483 1.00411 0.235517 0.323059 999 0.683889 0.889139 0.703455 0.687625 0.719957 0.247597 0.272061 0.559594 0.107871
0 5.57178 3.36902 5.14782 8.10718 4.59336 2.87056 3.48148 5.6633 10.7753 2.09447 7.3061 4.95766 5.01659 5.34327 8.08066 5.08581 0.915497 0.753215 0.353163 0.532408 0.725161 0.620555 0.43779 0.683889 999 0.670714 0.530671 0.687496 0.0652154 0.675352 0.650796 1.09623 0.78691
0 5.7069 3.77464 5.10644 7.5231 4.28418 2.74516 3.86772 5.67296 10.5107 2.41289 6.91464 4.40551 4.96972 5.33073 7.78996 4.55491 0.783334 0.870236 0.324367 0.695534 0.120113 0.666345 0.885733 0.889139 0.670714 999 0.191478 0.258024 0.731035 0.683842 1.05127 0.920044 0.936769
0 5.78179 3.58724 5.22357 7.71341 4.24341 2.87452 3.68188 5.54845 10.6747 2.2308 7.0955 4.46184 4.8571 5.44161 7.95728 4.60093 0.649834 0.69295 0.181131 0.507117 0.301238 0.488156 0.696894 0.703455 0.530671 0.191478 999 0.184843 0.594855 0.512585 0.859798 0.806084 0.757778
0 5.94658 3.56397 5.36237 7.68444 4.0647 3.00279 3.65163 5.41531 10.7609 2.18925 7.14704 4.28343 4.71398 5.58516 8.03804 4.42003 0.526841 0.648191 0.355434 0.513169 0.375258 0.453187 0.763543 0.687625 0.687496 0.258024 0.184843 999 0.75269 0.457392 0.891904 0.66247 0.716601
0 5.53785 3.35896 5.13012 8.14782 4.64667 2.86456 3.4737 5.69213 10.7772 2.09872 7.3227 5.02209 5.0507 5.32272 8.08601 5.14964 0.970653 0.795264 0.416351 0.57948 0.781132 0.672743 0.452902 0.719957 0.0652154 0.731035 0.594855 0.75269 999 0.728051 0.662999 1.15121 0.824996
0 6.20823 3.10663 5.70671 8.12728 3.91864 3.37213 3.1944 5.06709 11.1873 1.73332 7.59746 4.37756 4.39323 5.91756 8.46949 4.48723 0.247523 0.190834 0.543648 0.168235 0.803026 0.0557867 0.464223 0.247597 0.675352 0.683842 0.512585 0.457392 0.728051 999 0.500861 0.425703 0.259341
0 6.17341 2.75488 5.79282 8.56937 4.17331 3.52102 2.85916 5.04822 11.4177 1.44746 7.91137 4.80863 4.42604 5.98392 8.71728 4.90264 0.6894 0.380027 0.780435 0.38116 1.15599 0.470982 0.213351 0.272061 0.650796 1.05127 0.859798 0.891904 0.662999 0.500861 999 0.825527 0.347884
0 6.58209 3.08973 6.02396 8.0869 3.49798 3.66519 3.15773 4.75292 11.393 1.6946 7.73162 3.98594 4.05324 6.24504 8.66466 4.08575 0.180739 0.448428 0.90475 0.588764 1.0349 0.481486 0.861576 0.559594 1.09623 0.920044 0.806084 0.66247 1.15121 0.425703 0.825527 999 0.479356
0 6.35819 2.84737 5.90223 8.38131 3.86769 3.58499 2.93571 4.88503 11.4263 1.47653 7.85133 4.46075 4.23066 6.10637 8.71185 4.55535 0.360043 0.0686154 0.754922 0.278375 1.05462 0.270478 0.429146 0.107871 0.78691 0.936769 0.757778 0.716601 0.824996 0.259341 0.347884 0.479356 999