0 0 0 0 0 0 0 0 0 0 0 0 0 0 0 0 0 0
0 999 2.49467 6.65733 10.9849 6.97786 9.42752 5.77437 1.39129 6.11814 6.41408 6.33613 5.92752 6.16882 6.37089 6.27846 5.85895 6.34776
0 2.49467 999 8.23268 13.4773 6.21406 10.7655 8.25281 1.18512 7.56301 7.76834 7.55352 7.41168 7.55581 7.61372 7.79923 7.1546 7.84516
0 6.65733 8.23268 999 9.13009 6.73766 2.85568 5.4032 7.20809 0.768222 0.868964 1.34026 0.847642 0.889905 1.2484 0.456502 1.34255 0.453829
0 10.9849 13.4773 9.13009 999 15.3212 10.4605 5.25952 12.3282 9.63905 9.93475 10.3782 9.52395 9.82971 10.2992 9.36324 10.1301 9.44114
0 6.97786 6.21406 6.73766 15.3212 999 7.77942 10.4744 6.15019 6.02032 5.87685 5.41235 6.05465 5.86135 5.50669 6.34639 5.44521 6.30566
0 9.42752 10.7655 2.85568 10.4605 7.77942 999 7.8255 9.83224 3.30941 3.02959 3.2125 3.50285 3.26597 3.15191 3.17079 3.62464 3.09268
0 5.77437 8.25281 5.4032 5.25952 10.4744 7.8255 999 7.08969 5.57619 5.95755 6.29351 5.39166 5.76162 6.24221 5.41333 5.89026 5.51242
0 1.39129 1.18512 7.20809 12.3282 6.15019 9.83224 7.08969 999 6.57263 6.80885 6.63741 6.4077 6.58365 6.68963 6.78766 6.2076 6.84111
0 6.11814 7.56301 0.768222 9.63905 6.02032 3.30941 5.57619 6.57263 999 0.395903 0.747577 0.216715 0.193325 0.679558 0.329093 0.583123 0.31547
0 6.41408 7.76834 0.868964 9.93475 5.87685 3.02959 5.95755 6.80885 0.395903 999 0.471335 0.60788 0.255909 0.380197 0.576701 0.620688 0.493733
0 6.33613 7.55352 1.34026 10.3782 5.41235 3.2125 6.29351 6.63741 0.747577 0.471335 999 0.905969 0.554272 0.0945124 1.01783 0.50603 0.948118
0 5.92752 7.41168 0.847642 9.52395 6.05465 3.50285 5.39166 6.4077 0.216715 0.60788 0.905969 999 0.375074 0.850642 0.393704 0.61875 0.433872
0 6.16882 7.55581 0.889905 9.82971 5.86135 3.26597 5.76162 6.58365 0.193325 0.255909 0.554272 0.375074 999 0.487096 0.489919 0.461549 0.444771
0 6.37089 7.61372 1.2484 10.2992 5.50669 3.15191 6.24221 6.68963 0.679558 0.380197 0.0945124 0.850642 0.487096 999 0.93632 0.518843 0.863206
0 6.27846 7.79923 0.456502 9.36324 6.34639 3.17079 5.41333 6.78766 0.329093 0.576701 1.01783 0.393704 0.489919 0.93632 999 0.91218 0.101112
0 5.85895 7.1546 1.34255 10.1301 5.44521 3.62464 5.89026 6.2076 0.583123 0.620688 0.50603 0.61875 0.461549 0.518843 0.91218 999 0.889768
0 6.34776 7.84516 0.453829 9.44114 6.30566 3.09268 5.51242 6.84111 0.31547 0.493733 0.948118 0.433872 0.444771 0.863206 0.101112 0.889768 999