0 0 0 0 0 0 0 0 0 0 0 0 0 0 0 0 0 0 0 0 0 0 0 0 0 0 0 0 0 0 0 0 0 0 0 0 0 0 0 0 0 0
0 999 6.70615 6.06172 4.28953 6.02608 10.2137 1.86507 3.90079 11.6002 5.81276 0.943663 5.76236 5.96798 5.32133 12.2147 4.44567 7.15308 4.10122 6.90028 7.60697 12.7917 12.945 12.4481 12.8068 13.2793 13.0043 13.2098 12.4864 12.6274 12.4571 13.3551 12.786 13.2964 12.3632 12.9772 12.4081 12.7385 13.2907 12.2478 13.2427 12.6301
0 6.70615 999 2.40832 8.27048 6.28605 3.991 4.84489 6.04368 5.06187 4.54424 6.13862 1.11879 2.5633 2.22854 6.21576 4.6736 2.95054 3.3986 2.23618 8.46457 6.60801 6.66118 6.1398 6.52706 7.0541 6.74595 7.04973 6.16851 6.34045 6.16738 7.05449 6.45629 7.11897 6.08386 6.63571 6.05056 6.45143 6.98179 6.10862 6.94634 6.26124
0 6.06172 2.40832 999 6.39131 3.92663 4.28627 4.32447 4.11024 5.8346 6.18855 5.81847 1.61484 0.174642 0.847585 8.44463 5.80539 5.18553 4.28981 0.872067 6.07132 8.74315 8.73678 8.21777 8.60971 9.15282 8.83465 9.18375 8.23902 8.42502 8.2564 9.10649 8.50824 9.24199 8.18245 8.67302 8.09752 8.53206 9.03052 8.28218 9.00462 8.29164
0 4.28953 8.27048 6.39131 999 3.6 10.4988 4.73381 2.28178 12.1275 9.41034 5.08938 7.15201 6.22419 6.11444 14.4597 8.1825 9.98097 7.23174 7.20128 4.01384 14.8778 14.9289 14.407 14.7954 15.3243 15.0152 15.3192 14.4346 14.6088 14.436 15.319 14.7195 15.3892 14.3533 14.896 14.3116 14.7195 15.2455 14.3738 15.2118 14.5187
0 6.02608 6.28605 3.92663 3.6 999 7.39003 5.21024 2.1552 9.05002 9.11575 6.3902 5.29657 3.75719 4.12611 12.3639 8.24736 8.78957 6.85767 4.50006 2.2283 12.6366 12.6087 12.0943 12.4852 13.0311 12.711 13.0748 12.1127 12.3025 12.1367 12.9662 12.3726 13.1289 12.0666 12.53 11.9633 12.4074 12.8894 12.1891 12.8677 12.1491
0 10.2137 3.991 4.28627 10.4988 7.39003 999 8.38385 8.25883 1.66 8.36876 9.82047 4.56811 4.42506 4.91415 6.38855 8.65446
 6.2923 7.37827 3.4147 9.06236 6.3117 6.12835 5.69759 6.04016 6.55433 6.24976 6.68815 5.69392 5.88963 5.76165 6.38258 5.86802 6.70487 5.72856 5.96863 5.51121 5.96851 6.3076 6.05019 6.31097 5.62763
0 1.86507 4.84489 4.32447 4.73381 5.21024 8.38385 999 3.37913 9.74456 4.68129 1.49773 3.89976 4.25202 3.53692 10.5006 3.45782 5.56429 2.58544 5.13008 7.15649 11.0462 11.1804 10.676 11.0423 11.5282 11.2451 11.4715 10.7127 10.8605 10.6887 11.5891 11.0114 11.5552 10.5963 11.2012 10.6262 10.9722 11.5227 10.5071 11.477 10.847
0 3.90079 6.04368 4.11024 2.28178 2.1552 8.25883 3.37913 999 9.87373 7.78974 4.35487 4.93082 3.94383 3.85389 12.2553 6.7218 7.99185 5.5169 4.92715 3.80539 12.6475 12.6859 12.1637 12.5537 13.0866 12.775 13.0897 12.19 12.3671 12.1949 13.0721 12.472 13.1571 12.114 12.6463 12.0629 12.4772 12.998 12.1519 12.966 12.2675
0 11.6002 5.06187 5.8346 12.1275 9.05002 1.66 9.74456 9.87373 999 9.0584 11.131 5.85211 5.98465 6.38349 5.53364 9.56033 6.78971 8.43042 4.97403 10.7003 5.28199 5.02669 4.67807 4.9648 5.4267 5.15029 5.60008 4.66195 4.84435 4.7489 5.20671 4.77178 5.59619 4.73995 4.83201 4.4761 4.90218 5.13719 5.14147 5.15443 4.54069
0 5.81276 4.54424 6.18855 9.41034 9.11575 8.36876 4.68129 7.78974 9.0584 999 4.87985 4.64812 6.26018 5.46704 7.26395 1.3808 2.37605 2.28215 6.4879 11.2977 7.97248 8.23251 7.81898 8.10253 8.46345 8.25366 8.32586 7.8662 7.95063 7.80208 8.62736 8.15093 8.42433 7.70496 8.34001 7.85297 8.05049 8.57953 7.43549 8.51902 8.06779
0 0.943663 6.13862 5.81847 5.08938 6.3902 9.82047 1.49773 4.35487 11.131 4.87985 999 5.28205 5.74864 5.02086 11.4201 3.50801 6.31383 3.27666 6.6143 8.14558 12.0186 12.1875 11.6985 12.0495 12.5095 12.2419 12.4301 11.7383 11.8726 11.7041 12.5981 12.0381 12.5189 11.609 12.2303 11.6682 11.983 12.5355 11.472 12.4855 11.891
0 5.76236 1.11879 1.61484 7.15201 5.29657 4.56811 3.89976 4.93082 5.85211 4.64812 5.28205 999 1.72905 1.17324 7.32462 4.44063 3.58745 2.98543 1.85219 7.50586 7.72597 7.77985 7.25838 7.64579 8.17284 7.86474 8.16753 7.28695 7.45918 7.28613 8.17274 7.5743 8.23718 7.20265 7.75323 7.16812 7.57013 8.09991 7.22457 8.06473 7.37815
0 5.96798 2.5633 0.174642 6.22419 3.75719 4.42506 4.25202 3.94383 5.98465 6.26018 5.74864 1.72905 999 0.847172 8.61694 5.84055 5.31129 4.32167 1.01242 5.9084 8.9172 8.9113 8.39224 8.78419 9.32724 9.0091 9.35787 8.41353 8.59947 8.43081 9.28111 8.68284 9.41622 8.35678 8.84765 8.27211 8.70653 9.20514 8.45564 9.17921 8.46627
0 5.32133 2.22854 0.847585 6.11444 4.12611 4.91415 3.53692 3.85389 6.38349 5.46704 5.02086 1.17324 0.847172 999 8.43662 5.00009 4.70422 3.48001 1.59364 6.34054 8.80329 8.83428 8.31213 8.70257 9.23734 8.9245 9.24564 8.33788 8.51613 8.34425 9.21909 8.61891 9.31123 8.26421 8.79267 8.20949 8.62589 9.14479 8.31515 9.11323 8.41375
0 12.2147 6.21576 8.44463 14.4597 12.3639 6.38855 10.5006 12.2553 5.53364 7.26395 11.4201 7.32462 8.61694 8.43662 999 8.43168 5.15537 8.14413 7.90333 14.4467 0.7682 1.12766 1.02524 1.04109 1.22364 1.09302 1.06306 1.0671 0.990437 0.958053 1.44729 1.19896 1.16266 0.909646 1.32855 1.21117 1.03311 1.42209 0.428944 1.35496 1.29502
0 4.44567 4.6736 5.80539 8.1825 8.24736 8.65446 3.45782 6.7218 9.56033 1.3808 3.50801 4.44063 5.84055 5.00009 8.43168 999 3.32388 1.52053 6.27511 10.3677 9.10953 9.34161 8.89874 9.20777 9.60452 9.37396 9.48497 8.94397 9.04604 8.88922 9.74506 9.23668 9.581 8.79177 9.42865 8.91143 9.15038 9.692 8.56433 9.63442 9.13131
0 7.15308 2.95054 5.18553 9.98097 8.78957 6.2923 5.56429 7.99185 6.78971 2.37605 6.31383 3.58745 5.31129 4.70422 5.15537 3.32388 999 3.05198 5.17386 11.0167 5.80718 6.02611 5.57674 5.89128 6.30271 6.06259 6.19538 5.62164 5.72703 5.56856 6.43182 5.91535 6.28923 5.47117 6.10766 5.58759 5.8324 6.37698 5.2596 6.32054 5.80759
0 4.10122 3.3986 4.28981 7.23174 6.85767 7.37827 2.58544 5.5169 8.43042 2.28215 3.27666 2.98543 4.32167 3.48001 8.14413 1.52053 3.05198 999 4.79101 9.02497 8.74967 8.92803 8.44594 8.7904 9.24195 8.97902 9.15802 8.48692 8.61563 8.44866 9.33842 8.78627 9.24762 8.35291 8.97907 8.42444 8.72522 9.27735 8.20226 9.22589 8.64742
0 6.90028 2.23618 0.872067 7.20128 4.50006 3.4147 5.13008 4.92715 4.97403 6.4879 6.6143 1.85219 1.01242 1.59364 7.90333 6.27511 5.17386 4.79101 999 6.54341 8.14472 8.10977 7.5965 7.98699 8.53319 8.21281 8.58127 7.61419 7.80482 7.63982 8.46615 7.87279 8.63351 7.57107 8.02993 7.4638 7.90909 8.38936 7.70853 8.36777 7.64908
0 7.60697 8.46457 6.07132 4.01384 2.2283 9.06236 7.15649 3.80539 10.7003 11.2977 8.14558 7.50586 5.9084 6.34054 14.4467 10.3677 11.0167 9.02497 6.54341 999 14.6738 14.6194 14.1128 14.5006 15.0473 14.7263 15.1071 14.1277 14.3211 14.1593 14.9617 14.376 15.1554 14.0942 14.5248 13.9706 14.4228 14.8844 14.248 14.8673 14.1466
0 12.7917 6.60801 8.74315 14.8778 12.6366 6.3117 11.0462 12.6475 5.28199 7.97248 12.0186 7.72597 8.9172 8.80329 0.7682 9.10953 5.80718 8.74967 8.14472 14.6738 999 0.388839 0.614893 0.357466 0.495528 0.328362 0.442356 0.623427 0.437925 0.550076 0.680574 0.560144 0.513219 0.591938 0.619327 0.809475 0.397126 0.653946 0.548455 0.586769 0.757363
0 12.945 6.66118 8.73678 14.9289 12.6087 6.12835 11.1804 12.6859 5.02669 8.23251 12.1875 7.77985 8.9113 8.83428 1.12766 9.34161 6.02611 8.92803 8.10977 14.6194 0.388839 999 0.522189 0.138187 0.432764 0.12366 0.57339 0.497877 0.322065 0.495549 0.410564 0.26041 0.577213 0.584844 0.236732 0.649341 0.210235 0.351008 0.814088 0.297976 0.500738
0 12.4481 6.1398 8.21777 14.407 12.0943 5.69759 10.676 12.1637 4.67807 7.81898 11.6985 7.25838 8.39224 8.31213 1.02524 8.89874 5.57674 8.44594 7.5965 14.1128 0.614893 0.522189 999 0.391966 0.936762 0.617066 1.00838 0.050162 0.208397 0.0730944 0.918481 0.340603 1.04584 0.130011 0.533656 0.204944 0.314458 0.848838 0.602422 0.808319 0.288097
0 12.8068 6.52706 8.60971 14.7954 12.4852 6.04016 11.0423 12.5537 4.9648 8.10253 12.0495 7.64579 8.78419 8.70257 1.04109 9.20777 5.89128 8.7904 7.98699 14.5006 0.357466 0.138187 0.391966 999 0.546713 0.225858 0.648101 0.37307 0.186641 0.359796 0.54857 0.204474 0.669879 0.447344 0.287486 0.538247 0.0779053 0.48742 0.699046 0.435992 0.424122
0 13.2793 7.0541 9.15282 15.3243 13.0311 6.55433 11.5282 13.0866 5.4267 8.46345 12.5095 8.17284 9.32724 9.23734 1.22364 9.60452 6.30271 9.24195 8.53319 15.0473 0.495528 0.432764 0.936762 0.546713 999 0.320993 0.247416 0.919776 0.728608 0.896463 0.307868 0.689691 0.185983 0.973307 0.595095 1.08036 0.624566 0.340506 1.04355 0.294597 0.929878
0 13.0043 6.74595 8.83465 15.0152 12.711 6.24976 11.2451 12.775 5.15029 8.25366 12.2419 7.86474 9.0091 8.9245 1.09302 9.37396 6.06259 8.97902 8.21281 14.7263 0.328362 0.12366 0.617066 0.225858 0.320993 999 0.449828 0.598903 0.409686 0.580307 0.373893 0.38287 0.455121 0.662142 0.344791 0.76057 0.303759 0.333622 0.81971 0.268655 0.622425
0 13.2098 7.04973 9.18375 15.3192 13.0748 6.68815 11.4715 13.0897 5.60008 8.32586 12.4301 8.16753 9.35787 9.24564 1.06306 9.48497 6.19538 9.15802 8.58127 15.1071 0.442356 0.57339 1.00838 0.648101 0.247416 0.449828 999 1.00328 0.805287 0.954116 0.55507 0.830062 0.101545 1.01345 0.78149 1.18063 0.719919 0.582597 0.964557 0.529676 1.06677
0 12.4864 6.16851 8.23902 14.4346 12.1127 5.69392 10.7127 12.19 4.66195 7.8662 11.7383 7.28695 8.41353 8.33788 1.0671 8.94397 5.62164 8.48692 7.61419 14.1277 0.623427 0.497877 0.050162 0.37307 0.919776 0.598903 1.00328 999 0.198005 0.109074 0.886852 0.299782 1.03613 0.179756 0.492185 0.186223 0.295213 0.815786 0.64677 0.777893 0.239051
0 12.6274 6.34045 8.42502 14.6088 12.3025 5.88963 10.8605 12.3671 4.84435 7.95063 11.8726 7.45918 8.59947 8.51613 0.990437 9.04604 5.72703 8.61563 7.80482 14.3211 0.437925 0.322065 0.208397 0.186641 0.728608 0.409686 0.805287 0.198005 999 0.173514 0.728615 0.218785 0.839007 0.264272 0.392633 0.378489 0.111979 0.66332 0.601744 0.616563 0.331892
0 12.4571 6.16738 8.2564 14.436 12.1367 5.76165 10.6887 12.1949 4.7489 7.80208 11.7041 7.28613 8.43081 8.34425 0.958053 8.88922 5.56856 8.44866 7.63982 14.1593 0.550076 0.495549 0.0730944 0.359796 0.896463 0.580307 0.954116 0.109074 0.173514 999 0.900736 0.348869 0.996381 0.0974696 0.539552 0.277848 0.285352 0.834067 0.538733 0.789026 0.343255
0 13.3551 7.05449 9.10649 15.319 12.9662 6.38258 11.5891 13.0721 5.20671 8.62736 12.5981 8.17274 9.28111 9.21909 1.44729 9.74506 6.43182 9.33842 8.46615 14.9617 0.680574 0.410564 0.918481 0.54857 0.307868 0.373893 0.55507 0.886852 0.728615 0.900736 999 0.600233 0.487803 0.992826 0.43693 1.0105 0.617022 0.077371 1.19352 0.112589 0.817077
0 12.786 6.45629 8.50824 14.7195 12.3726 5.86802 11.0114 12.472 4.77178 8.15093 12.0381 7.5743 8.68284 8.61891 1.19896 9.23668 5.91535 8.78627 7.87279 14.376 0.560144 0.26041 0.340603 0.204474 0.689691 0.38287 0.830062 0.299782 0.218785 0.348869 0.600233 999 0.837553 0.446135 0.193067 0.410793 0.172208 0.526032 0.819667 0.49638 0.240578
0 13.2964 7.11897 9.24199 15.3892 13.1289 6.70487 11.5552 13.1571 5.59619 8.42433 12.5189 8.23718 9.41622 9.31123 1.16266 9.581 6.28923 9.24762 8.63351 15.1554 0.513219 0.577213 1.04584 0.669879 0.185983 0.455121 0.101545 1.03613 0.839007 0.996381 0.487803 0.837553 999 1.06244 0.76581 1.2078 0.745253 0.52581 1.04885 0.480438 1.0775
0 12.3632 6.08386 8.18245 14.3533 12.0666 5.72856 10.5963 12.114 4.73995 7.70496 11.609 7.20265 8.35678 8.26421 0.909646 8.79177 5.47117 8.35291 7.57107 14.0942 0.591938 0.584844 0.130011 0.447344 0.973307 0.662142 1.01345 0.179756 0.264272 0.0974696 0.992826 0.446135 1.06244 999 0.637021 0.301979 0.375845 0.927479 0.482554 0.880676 0.418035
0 12.9772 6.63571 8.67302 14.896 12.53 5.96863 11.2012 12.6463 4.83201 8.34001 12.2303 7.75323 8.84765 8.79267 1.32855 9.42865 6.10766 8.97907 8.02993 14.5248 0.619327 0.236732 0.533656 0.287486 0.595095 0.344791 0.78149 0.492185 0.392633 0.539552 0.43693 0.193067 0.76581 0.637021 999 0.585169 0.307193 0.35977 0.97626 0.346738 0.38144
0 12.4081 6.05056 8.09752 14.3116 11.9633 5.51121 10.6262 12.0629 4.4761 7.85297 11.6682 7.16812 8.27211 8.20949 1.21117 8.91143 5.58759 8.42444 7.4638 13.9706 0.809475 0.649341 0.204944 0.538247 1.08036 0.76057 1.18063 0.186223 0.378489 0.277848 1.0105 0.410793 1.2078 0.301979 0.585169 999 0.462599 0.935558 0.783119 0.907152 0.222983
0 12.7385 6.45143 8.53206 14.7195 12.4074 5.96851 10.9722 12.4772 4.90218 8.05049 11.983 7.57013 8.70653 8.62589 1.03311 9.15038 5.8324 8.72522 7.90909 14.4228 0.397126 0.210235 0.314458 0.0779053 0.624566 0.303759 0.719919 0.295213 0.111979 0.285352 0.617022 0.172208 0.745253 0.375845 0.307193 0.462599 999 0.552587 0.669249 0.504831 0.363918
0 13.2907 6.98179 9.03052 15.2455 12.8894 6.3076 11.5227 12.998 5.13719 8.57953 12.5355 8.09991 9.20514 9.14479 1.42209 9.692 6.37698 9.27735 8.38936 14.8844 0.653946 0.351008 0.848838 0.48742 0.340506 0.333622 0.582597 0.815786 0.66332 0.834067 0.077371 0.526032 0.52581 0.927479 0.35977 0.935558 0.552587 999 1.15022 0.0674836 0.740315
0 12.2478 6.10862 8.28218 14.3738 12.1891 6.05019 10.5071 12.1519 5.14147 7.43549 11.472 7.22457 8.45564 8.31515 0.428944 8.56433 5.2596 8.20226 7.70853 14.248 0.548455 0.814088 0.602422 0.699046 1.04355 0.81971 0.964557 0.64677 0.601744 0.538733 1.19352 0.819667 1.04885 0.482554 0.97626 0.783119 0.669249 1.15022 999 1.08733 0.880992
0 13.2427 6.94634 9.00462 15.2118 12.8677 6.31097 11.477 12.966 5.15443 8.51902 12.4855 8.06473 9.17921 9.11323 1.35496 9.63442 6.32054 9.22589 8.36777 14.8673 0.586769 0.297976 0.808319 0.435992 0.294597 0.268655 0.529676 0.777893 0.616563 0.789026 0.112589 0.49638 0.480438 0.880676 0.346738 0.907152 0.504831 0.0674836 1.08733 999 0.720759
0 12.6301 6.26124 8.29164 14.5187 12.1491 5.62763 10.847 12.2675 4.54069 8.06779 11.891 7.37815 8.46627 8.41375 1.29502 9.13131 5.80759 8.64742 7.64908 14.1466 0.757363 0.500738 0.288097 0.424122 0.929878 0.622425 1.06677 0.239051 0.331892 0.343255 0.817077 0.240578 1.0775 0.418035 0.38144 0.222983 0.363918 0.740315 0.880992 0.720759 999