0 0 0 0 0 0 0 0 0 0 0 0 0 0 0 0 0 0 0 0 0 0 0 0 0 0
0 999 12.4205 2.3342 8.81445 5.31805 10.7379 2.47778 5.29205 12.8549 7.63922 12.9332 10.6204 9.07527 8.60515 8.54041 8.70988 9.11345 8.09687 8.15856 8.55723 8.85268 8.61679 8.83532 8.33118 8.7982
0 12.4205 999 13.2326 4.75152 14.9871 2.23897 10.7384 14.0085 1.99462 4.89531 0.532635 6.91937 6.05527 5.8236 5.43332 5.75834 5.3707 6.21215 6.01976 5.9074 5.44553 6.04062 5.39093 5.55811 5.90807
0 2.3342 13.2326 999 9.05434 2.99025 11.8369 4.62896 3.01213 13.3246 8.3373 13.714 12.481 10.8002 10.2615 10.1092 10.3612 10.7187 9.79032 9.81706 10.2264 10.4532 10.3154 10.4234 9.90493 10.4835
0 8.81445 4.75152 9.05434 999 10.4178 4.53031 7.86931 9.38329 4.31567 1.9433 5.11752 8.49801 6.77934 6.18568 5.69709 6.20198 6.13053 6.1938 6.02898 6.23598 5.98918 6.42281 5.91539 5.64738 6.42715
0 5.31805 14.9871 2.99025 10.4178 999 13.9094 7.58765 1.15261 14.7187 10.2012 15.4229 15.184 13.4223 12.8418 12.6263 12.9358 13.2506 12.4078 12.4084 12.8171 12.9871 12.9265 12.9482 12.4307 13.0815
0 10.7379 2.23897 11.8369 4.53031 13.9094 999 8.84036 13.0271 3.9246 3.76108 2.74089 4.89397 3.83603 3.58464 3.19943 3.51993 3.13957 3.97908 3.78832 3.66843 3.2071 3.80258 3.15207 3.3318 3.67296
0 2.47778 10.7384 4.62896 7.86931 7.58765 8.84036 999 7.344 11.4861 6.30067 11.2672 8.18294 6.7186 6.30128 6.30321 6.40762 6.83682 5.77641 5.862 6.24518 6.58447 6.28355 6.57678 6.09529 6.47098
0 5.29205 14.0085 3.01213 9.38329 1.15261 13.0271 7.344 999 13.6658 9.28668 14.4314 14.592 12.7875 12.1865 11.9379 12.2764 12.5652 11.778 11.7629 12.168 12.3047 12.2886 12.2613 11.7484 12.4346
0 12.8549 1.99462 13.3246 4.31567 14.7187 3.9246 11.4861 13.6658 999 5.23582 1.84196 8.78792 7.72394 7.39016 6.94669 7.34177 7.00881 7.7023 7.50529 7.47051 7.03404 7.62532 6.97064 7.03302 7.51947
0 7.63922 4.89531 8.3373 1.9433 10.2012 3.76108 6.30067 9.28668 5.23582 999 5.3802 6.84493 5.03421 4.40716 3.93926 4.43933 4.44745 4.34445 4.19389 4.44696 4.26766 4.63156 4.19656 3.85616 4.66339
0 12.9332 0.532635 13.714 5.11752 15.4229 2.74089 11.2672 14.4314 1.84196 5.3802 999 7.32003 6.53128 6.32097 5.94014 6.25304 5.85637 6.71968 6.52842 6.40506 5.94052 6.5341 5.88768 6.06946 6.39702
0 10.6204 6.91937 12.481 8.49801 15.184 4.89397 8.18294 14.592 8.78792 6.84493 7.32003 999 1.88615 2.53701 2.94145 2.47425 2.39748 2.84456 2.89933 2.5274 2.58869 2.37118 2.65699 3.0709 2.26889
0 9.07527 6.05527 10.8002 6.77934 13.4223 3.83603 6.7186 12.7875 7.72394 5.03421 6.53128 1.88615 999 0.652124 1.09497 0.599122 0.724537 1.01485 1.02957 0.642038 0.794446 0.499494 0.868713 1.19644 0.383795
0 8.60515 5.8236 10.2615 6.18568 12.8418 3.58464 6.30128 12.1865 7.39016 4.40716 6.32097 2.53701 0.652124 999 0.496535 0.106549 0.56724 0.534215 0.447457 0.0844739 0.386173 0.247668 0.433459 0.552366 0.268367
0 8.54041 5.43332 10.1092 5.69709 12.6263 3.19943 6.30321 11.9379 6.94669 3.93926 5.94014 2.94145 1.09497 0.496535 999 0.505049 0.627561 0.779713 0.591391 0.560444 0.373048 0.742875 0.323501 0.209335 0.730403
0 8.70988 5.75834 10.3612 6.20198 12.9358 3.51993 6.40762 12.2764 7.34177 4.43933 6.25304 2.47425 0.599122 0.106549 0.505049 999 0.46607 0.640156 0.551392 0.176972 0.312826 0.284182 0.371491 0.598358 0.225389
0 9.11345 5.3707 10.7187 6.13053 13.2506 3.13957 6.83682 12.5652 7.00881 4.44745 5.85637 2.39748 0.724537 0.56724 0.627561 0.46607 999 1.09743 0.979118 0.643033 0.265455 0.709367 0.304064 0.820011 0.54649
0 8.09687 6.21215 9.79032 6.1938 12.4078 3.97908 5.77641 11.778 7.7023 4.34445 6.71968 2.84456 1.01485 0.534215 0.779713 0.640156 1.09743 999 0.197064 0.470358 0.881823 0.525361 0.904814 0.669322 0.701478
0 8.15856 6.01976 9.81706 6.02898 12.4084 3.78832 5.862 11.7629 7.50529 4.19389 6.52842 2.89933 1.02957 0.447457 0.591391 0.551392 0.979118 0.197064 999 0.40995 0.741338 0.531243 0.752668 0.472279 0.673138
0 8.55723 5.9074 10.2264 6.23598 12.8171 3.66843 6.24518 12.168 7.47051 4.44696 6.40506 2.5274 0.642038 0.0844739 0.560444 0.176972 0.643033 0.470358 0.40995 999 0.47047 0.186848 0.517766 0.5916 0.267253
0 8.85268 5.44553 10.4532 5.98918 12.9871 3.2071 6.58447 12.3047 7.03404 4.26766 5.94052 2.58869 0.794446 0.386173 0.373048 0.312826 0.265455 0.881823 0.741338 0.47047 999 0.596124 0.0742672 0.556726 0.491776
0 8.61679 6.04062 10.3154 6.42281 12.9265 3.80258 6.28355 12.2886 7.62532 4.63156 6.5341 2.37118 0.499494 0.247668 0.742875 0.284182 0.709367 0.525361 0.531243 0.186848 0.596124 999 0.655624 0.777587 0.19224
0 8.83532 5.39093 10.4234 5.91539 12.9482 3.15207 6.57678 12.2613 6.97064 4.19656 5.88768 2.65699 0.868713 0.433459 0.323501 0.371491 0.304064 0.904814 0.752668 0.517766 0.0742672 0.655624 999 0.519323 0.561453
0 8.33118 5.55811 9.90493 5.64738 12.4307 3.3318 6.09529 11.7484 7.03302 3.85616 6.06946 3.0709 1.19644 0.552366 0.209335 0.598358 0.820011 0.669322 0.472279 0.5916 0.556726 0.777587 0.519323 999 0.81532
0 8.7982 5.90807 10.4835 6.42715 13.0815 3.67296 6.47098 12.4346 7.51947 4.66339 6.39702 2.26889 0.383795 0.268367 0.730403 0.225389 0.54649 0.701478 0.673138 0.267253 0.491776 0.19224 0.561453 0.81532 999