0 0 0 0 0 0 0 0 0 0 0 0 0 0 0 0 0 0 0 0 0 0
0 999 0.499108 0.215135 0.738261 0.0416924 0.210948 0.995013 0.279667 0.465174 0.631809 5.7071 5.90692 5.87662 5.66894 5.24977 5.86037 5.68206 5.51002 6.07652 5.94664 5.08514
0 0.499108 999 0.331564 0.36233 0.486537 0.662384 0.75315 0.299762 0.128685 0.304727 5.396 5.60784 5.60497 5.41514 4.97076 5.57918 5.43566 5.22201 5.79008 5.68686 4.78792
0 0.215135 0.331564 999 0.643862 0.226427 0.42186 0.972205 0.260772 0.264153 0.551034 5.6727 5.87897 5.86268 5.6637 5.23166 5.8416 5.68043 5.48753 6.05521 5.93865 5.05758
0 0.738261 0.36233 0.643862 999 0.708989 0.827058 0.410255 0.4609 0.490719 0.110113 5.03893 5.24902 5.24348 5.0529 4.60966 5.2184 5.07334 4.86179 5.42983 5.3248 4.4286
0 0.0416924 0.486537 0.226427 0.708989 999 0.195875 0.956693 0.248363 0.463373 0.601411 5.66811 5.86749 5.8364 5.62831 5.20979 5.8204 5.64128 5.47028 6.03669 5.90612 5.04574
0 0.210948 0.662384 0.42186 0.827058 0.195875 999 1.00316 0.383337 0.654215 0.716949 5.68935 5.88256 5.83865 5.62285 5.21673 5.82709 5.63248 5.48086 6.04545 5.90282 5.06162
0 0.995013 0.75315 0.972205 0.410255 0.956693 1.00316 999 0.72973 0.880419 0.448917 4.71284 4.91452 4.89193 4.69154 4.26215 4.87245 4.70827 4.51996 5.08718 4.96674 4.09274
0 0.279667 0.299762 0.260772 0.4609 0.248363 0.383337 0.72973 999 0.33996 0.353049 5.44139 5.64407 5.62073 5.41789 4.99157 5.60195 5.43317 5.24968 5.81685 5.69405 4.82231
0 0.465174 0.128685 0.264153 0.490719 0.463373 0.654215 0.880419 0.33996 999 0.431521 5.52098 5.73367 5.73233 5.54319 5.09787 5.70609 5.56391 5.3486 5.91667 5.81469 4.91403
0 0.631809 0.304727 0.551034 0.110113 0.601411 0.716949 0.448917 0.353049 0.431521 999 5.12306 5.3308 5.31967 5.12529 4.68713 5.29654 5.14418 4.94121 5.50911 5.39857 4.50975
0 5.7071 5.396 5.6727 5.03893 5.66811 5.68935 4.71284 5.44139 5.52098 5.12306 999 0.268312 0.581267 0.772928 0.612549 0.451981 0.869027 0.36611 0.520755 0.760481 0.642205
0 5.90692 5.60784 5.87897 5.24902 5.86749 5.88256 4.91452 5.64407 5.73367 5.3308 0.268312 999 0.385279 0.652206 0.700609 0.255477 0.740457 0.420196 0.253703 0.553207 0.821799
0 5.87662 5.60497 5.86268 5.24348 5.8364 5.83865 4.89193 5.62073 5.73233 5.31967 0.581267 0.385279 999 0.3096 0.638207 0.133057 0.380761 0.434581 0.283772 0.179343 0.870588
0 5.66894 5.41514 5.6637 5.0529 5.62831 5.62285 4.69154 5.41789 5.54319 5.12529 0.772928 0.652206 0.3096 999 0.536393 0.406809 0.0966103 0.478606 0.593364 0.286094 0.815592
0 5.24977 4.97076 5.23166 4.60966 5.20979 5.21673 4.26215 4.99157 5.09787 4.68713 0.612549 0.700609 0.638207 0.536393 999 0.610621 0.607709 0.280468 0.829584 0.74975 0.283889
0 5.86037 5.57918 5.8416 5.2184 5.8204 5.82709 4.87245 5.60195 5.70609 5.29654 0.451981 0.255477 0.133057 0.406809 0.610621 999 0.490207 0.365796 0.226254 0.309953 0.81132
0 5.68206 5.43566 5.68043 5.07334 5.64128 5.63248 4.70827 5.43317 5.56391 5.14418 0.869027 0.740457 0.380761 0.096610300.607709 0.490207 999 0.572696 0.661278 0.31283 0.890412
0 5.51002 5.22201 5.48753 4.86179 5.47028 5.48086 4.51996 5.24968 5.3486 4.94121 0.36611 0.420196 0.434581 0.478606 0.280468 0.365796 0.572696 999 0.568072 0.588496 0.44553
0 6.07652 5.79008 6.05521 5.42983 6.03669 6.04545 5.08718 5.81685 5.91667 5.50911 0.520755 0.253703 0.283772 0.593364 0.829584 0.226254 0.661278 0.568072 999 0.392574 1.00784
0 5.94664 5.68686 5.93865 5.3248 5.90612 5.90282 4.96674 5.69405 5.81469 5.39857 0.760481 0.553207 0.179343 0.286094 0.74975 0.309953 0.31283 0.588496 0.392574 999 1.00535
0 5.08514 4.78792 5.05758 4.4286 5.04574 5.06162 4.09274 4.82231 4.91403 4.50975 0.642205 0.821799 0.870588 0.815592 0.283889 0.81132 0.890412 0.44553 1.00784 1.00535 999