0 0 0 0 0 0 0 0 0 0 0 0 0 0 0 0 0 0 0 0 0 0 0 0 0 0 0 0 0 0 0 0 0 0
0 999 0.543204 0.434084 0.531583 0.447189 0.233719 0.431025 0.271182 0.259334 0.233809 0.543679 0.0524269 0.329532 0.320118 0.220095 0.535173 14.226 3.07482 13.2691 13.0113 4.5267 10.179 1.73737 9.74874 6.01037 12.2628 8.53556 8.77054 5.63372 4.67428 10.7217 8.67793 7.97839
0 0.543204 999 0.973446 0.170626 0.823282 0.77564 0.285456 0.629953 0.802491 0.347469 0.632046 0.529598 0.603769 0.458532 0.329695 0.295402 13.6853 3.40647 12.7467 12.4686 4.38059 9.81967 1.34528 9.2215 5.55337 11.8664 7.99307 8.22777 5.10791 4.45538 10.1789 8.27556 7.51401
0 0.434084 0.973446 999 0.936356 0.555479 0.222347 0.808451 0.445152 0.182354 0.638431 0.844777 0.443982 0.526593 0.692655 0.654169 0.952341 14.6586 2.92896 13.7013 13.4349 4.75341 10.528 2.13338 10.1821 6.41734 12.6329 8.95896 9.19492 6.06701 4.94812 11.1517 9.05367 8.38761
0 0.531583 0.170626 0.936356 999 0.888938 0.762287 0.14936 0.540921 0.780808 0.301241 0.756 0.502595 0.49586 0.548328 0.355781 0.450952 13.7409 3.50875 12.8309 12.5002 4.5512 9.97165 1.50082 9.30099 5.6797 12.0099 8.0243 8.2609 5.19085 4.62455 10.2252 8.41825 7.6362
0 0.447189 0.823282 0.555479 0.888938 999 0.390363 0.834226 0.698905 0.430065 0.639841 0.358432 0.49948 0.7695 0.370038 0.535445 0.637043 14.3603 2.63834 13.3271 13.2043 4.19968 9.99578 1.67748 9.82525 5.95526 12.1159 8.73345 8.96388 5.71519 4.39354 10.8821 8.54362 7.92752
0 0.233719 0.77564 0.222347 0.762287 0.390363 999 0.651183 0.363157 0.0445792 0.461475 0.633851 0.260182 0.446155 0.47042 0.448193 0.731806 14.4541 2.92713 13.4849 13.2443 4.58007 10.3161 1.91145 9.96769 6.19505 12.4161 8.76862 9.00341 5.8525 4.75804 10.9524 8.83553 8.16528
0 0.431025 0.285456 0.808451 0.14936 0.834226 0.651183 999 0.396139 0.664051 0.199848 0.763897 0.392832 0.347073 0.531901 0.306628 0.514417 13.8839 3.4708 12.9794 12.6356 4.63934 10.1049 1.63071 9.44894 5.82577 12.1492 8.15991 8.39718 5.33936 4.7286 10.3657 8.55793 7.78332
0 0.271182 0.629953 0.445152 0.540921 0.698905 0.363157 0.396139 999 0.352274 0.290764 0.80993 0.223961 0.0846425 0.574972 0.394519 0.73197 14.28 3.28939 13.3691 13.0278 4.79086 10.3966 1.93153 9.84053 6.17661 12.4649 8.55247 8.79027 5.72918 4.92784 10.7613 8.87656 8.13971
0 0.259334 0.802491 0.182354 0.780808 0.430065 0.0445792 0.664051 0.352274 999 0.479597 0.678401 0.27872 0.436588 0.512195 0.477771 0.77001 14.4846 2.94401 13.5206 13.27 4.62292 10.3604 1.95345 10.0023 6.23636 12.4599 8.79424 9.0294 5.88717 4.80215 10.981 8.8791 8.20637
0 0.233809 0.347469 0.638431 0.301241 0.639841 0.461475 0.199848 0.290764 0.479597 999 0.616565 0.201447 0.286005 0.37288 0.142818 0.454242 14.0263 3.27815 13.0942 12.7964 4.55987 10.1134 1.64379 9.56863 5.88606 12.1768 8.32053 8.55651 5.45524 4.67519 10.5155 8.58785 7.84958
0 0.543679 0.632046 0.844777 0.756 0.358432 0.633851 0.763897 0.80993 0.678401 0.616565 999 0.586594 0.853525 0.244709 0.474567 0.363141 14.0105 2.77842 12.969 12.8694 3.98302 9.68355 1.32159 9.46838 5.60362 11.7896 8.40147 8.63027 5.35946 4.13653 10.5385 8.21223 7.57575
0 0.0524269 0.529598 0.443982 0.502595 0.49948 0.260182 0.392832 0.223961 0.27872 0.201447 0.586594 999 0.278344 0.355891 0.220088 0.550262 14.2149 3.12525 13.2672 12.9932 4.56886 10.2051 1.75553 9.74505 6.02288 12.2847 8.51729 8.7528 5.6304 4.71177 10.7078 8.69877 7.9899
0 0.329532 0.603769 0.526593 0.49586 0.7695 0.446155 0.347073 0.0846425 0.436588 0.286005 0.853525 0.278344 999 0.612662 0.410713 0.739536 14.2252 3.37069 13.3264 12.9645 4.82687 10.3988 1.9275 9.79585 6.15699 12.4593 8.48965 8.72801 5.68643 4.95354 10.7032 8.86973 8.11776
0 0.320118 0.458532 0.692655 0.548328 0.370038 0.47042 0.531901 0.574972 0.512195 0.37288 0.244709 0.355891 0.612662 999 0.232335 0.282775 14.0309 2.96072 13.0323 12.8543 4.21629 9.86386 1.44126 9.52058 5.72468 11.9541 8.3813 8.6131 5.40636 4.35588 10.5424 8.37137 7.69504
0 0.220095 0.329695 0.654169 0.355781 0.535445 0.448193 0.306628 0.394519 0.477771 0.142818 0.474567 0.220088 0.410713 0.232335 999 0.338793 14.0069 3.16675 13.0497 12.7973 4.42136 10.003 1.54315 9.52889 5.80461 12.0755 8.3219 8.55631 5.41393 4.54293 10.5042 8.48824 7.77106
0 0.535173 0.295402 0.952341 0.450952 0.637043 0.731806 0.514417 0.73197 0.77001 0.454242 0.363141 0.550262 0.739536 0.282775 0.338793 999 13.7483 3.1388 12.756 12.5732 4.12632 9.66471 1.20562 9.242 5.47522 11.737 8.10083 8.33222 5.12727 4.2265 10.2598 8.15009 7.44343
0 14.226 13.6853 14.6586 13.7409 14.3603 14.4541 13.8839 14.28 14.4846 14.0263 14.0105 14.2149 14.2252 14.0309 14.0069 13.7483 999 15.9135 2.6068 2.26738 13.0243 9.52017 12.7807 4.77378 9.19631 8.56398 5.90979 5.65692 8.6907 12.3742 3.57514 8.75877 7.7389
0 3.07482 3.40647 2.92896 3.50875 2.63834 2.92713 3.4708 3.28939 2.94401 3.27815 2.77842 3.12525 3.37069 2.96072 3.16675 3.1388 15.9135 999 14.5226 15.0379 3.61419 9.911 3.4391 11.1883 6.86611 12.1914 10.6569 10.864 7.27885 4.14478 12.6053 8.83235 8.72353
0 13.2691 12.7467 13.7013 12.8309 13.3271 13.4849 12.9794 13.3691 13.5206 13.0942 12.969 13.2672 13.3264 13.0323 13.0497 12.756 2.6068 14.5226 999 4.16308 11.3334 7.08419 11.6711 3.54401 7.65755 5.96846 5.83275 5.60245 7.64003 10.6864 3.77478 6.5821 5.90384
0 13.0113 12.4686 13.4349 12.5002 13.2043 13.2443 12.6356 13.0278 13.27 12.7964 12.8694 12.9932 12.9645 12.8543 12.7973 12.5732 2.26738 15.0379 4.16308 999 12.5153 10.1365 11.7289 4.54277 8.69416 9.6681 4.47591 4.24134 7.77249 11.8819 2.49275 9.00147 7.64707
0 4.5267 4.38059 4.75341 4.5512 4.19968 4.58007 4.63934 4.79086 4.62292 4.55987 3.98302 4.56886 4.82687 4.21629 4.42136 4.12632 13.0243 3.61419 11.3334 12.5153 999 6.29851 3.23262 8.25424 3.84533 8.5776 8.47939 8.63431 4.96203 0.651153 10.0228 5.2731 5.43065
0 10.179 9.81967 10.528 9.97165 9.99578 10.3161 10.1049 10.3966 10.3604 10.1134 9.68355 10.2051 10.3988 9.86386 10.003 9.66471 9.52017 9.911 7.08419 10.1365 6.29851 999 8.47496 5.82348 4.71154 2.31482 8.08607 8.05683 6.31086 5.81893 8.05559 1.83565 3.48023
0 1.73737 1.34528 2.13338 1.50082 1.67748 1.91145 1.63071 1.93153 1.95345 1.64379 1.32159 1.75553 1.9275 1.44126 1.54315 1.20562 12.7807 3.4391 11.6711 11.7289 3.23262 8.47496 999 8.18697 4.28588 10.5334 7.29104 7.50931 4.09704 3.2039 9.35175 6.94534 6.25736
0 9.74874 9.2215 10.1821 9.30099 9.82525 9.96769 9.44894 9.84053 10.0023 9.56863 9.46838 9.74505 9.79585 9.52058 9.52889 9.242 4.77378 11.1883 3.54401 4.54277 8.25424 5.82348 8.18697 999 4.42254 5.97857 2.86639 2.71562 4.11519 7.60498 2.24415 4.4941 3.11231
0 6.01037 5.55337 6.41734 5.6797 5.95526 6.19505 5.82577 6.17661 6.23636 5.88606 5.60362 6.02288 6.15699 5.72468 5.80461 5.47522 9.19631 6.86611 7.65755 8.69416 3.84533 4.71154 4.28588 4.42254 999 6.46413 4.90344 5.01363 1.80679 3.20128 6.20288 2.93343 1.97226
0 12.2628 11.8664 12.6329 12.0099 12.1159 12.4161 12.1492 12.4649 12.4599 12.1768 11.7896 12.2847 12.4593 11.9541 12.0755 11.737 8.56398 12.1914 5.96846 9.6681 8.5776 2.31482 10.5334 5.97857 6.46413 999 8.68588 8.59077 7.7854 8.06975 8.00753 3.59221 4.76
0 8.53556 7.99307 8.95896 8.0243 8.73345 8.76862 8.15991 8.55247 8.79424 8.32053 8.40147 8.51729 8.48965 8.3813 8.3219 8.10083 5.90979 10.6569 5.83275 4.47591 8.47939 8.08607 7.29104 2.86639 4.90344 8.68588 999 0.252982 3.52945 7.88828 2.34094 6.42431 4.72827
0 8.77054 8.22777 9.19492 8.2609 8.96388 9.00341 8.39718 8.79027 9.0294 8.55651 8.63027 8.7528 8.72801 8.6131 8.55631 8.33222 5.65692 10.864 5.60245 4.24134 8.63431 8.05683 7.50931 2.71562 5.01363 8.59077 0.252982 999 3.69943 8.03667 2.08806 6.42343 4.73925
0 5.63372 5.10791 6.06701 5.19085 5.71519 5.8525 5.33936 5.72918 5.88717 5.45524 5.35946 5.6304 5.68643 5.40636 5.41393 5.12727 8.6907 7.27885 7.64003 7.77249 4.96203 6.31086 4.09704 4.11519 1.80679 7.7854 3.52945 3.69943 999 4.38854 5.32663 4.47756 3.02557
0 4.67428 4.45538 4.94812 4.62455 4.39354 4.75804 4.7286 4.92784 4.80215 4.67519 4.13653 4.71177 4.95354 4.35588 4.54293 4.2265 12.3742 4.14478 10.6864 11.8819 0.651153 5.81893 3.2039 7.60498 3.20128 8.06975 7.88828 8.03667 4.38854 999 9.38919 4.69289 4.78506
0 10.7217 10.1789 11.1517 10.2252 10.8821 10.9524 10.3657 10.7613 10.981 10.5155 10.5385 10.7078 10.7032 10.5424 10.5042 10.2598 3.57514 12.6053 3.77478 2.49275 10.0228 8.05559 9.35175 2.24415 6.20288 8.00753 2.34094 2.08806 5.32663 9.38919 999 6.72634 5.25438
0 8.67793 8.27556 9.05367 8.41825 8.54362 8.83553 8.55793 8.87656 8.8791 8.58785 8.21223 8.69877 8.86973 8.37137 8.48824 8.15009 8.75877 8.83235 6.5821 9.00147 5.2731 1.83565 6.94534 4.4941 2.93343 3.59221 6.42431 6.42343 4.47756 4.69289 6.72634 999 1.7102
0 7.97839 7.51401 8.38761 7.6362 7.92752 8.16528 7.78332 8.13971 8.20637 7.84958 7.57575 7.9899 8.11776 7.69504 7.77106 7.44343 7.7389 8.72353 5.90384 7.64707 5.43065 3.48023 6.25736 3.11231 1.97226 4.76 4.72827 4.73925 3.02557 4.78506 5.25438 1.7102 999