0 0 0 0 0 0 0 0 0
0 999 2.69787 8.26567 12.8913 10.9889 8.70759 12.858 6.82018
0 2.69787 999 5.9403 10.2354 8.3678 7.15354 10.1936 5.91692
0 8.26567 5.9403 999 5.47647 6.66837 3.2482 5.54066 4.62
0 12.8913 10.2354 5.47647 999 4.72149 8.09714 0.219545 10.02
0 10.9889 8.3678 6.66837 4.72149 999 9.91631 4.5228 10.9103
0 8.70759 7.15354 3.2482 8.09714 9.91631 999 8.21711 2.49159
0 12.858 10.1936 5.54066 0.219545 4.5228 8.21711 999 10.1056
0 6.82018 5.91692 4.62 10.02 10.9103 2.49159 10.1056 999