0 0 0 0 0 0 0 0 0 0 0 0 0 0 0 0 0 0 0 0 0 0 0 0 0 0 0 0 0 0 0 0 0 0 0 0 0 0 0 0 0 0 0 0 0 0 0 0 0 0 0 0 0 0 0 0 0 0 0 0 0 0 0 0 0 0 0 0 0 0 0 0 0 0 0 0 0 0 0 0 0 0 0 0 0 0 0 0 0 0 0 0 0 0 0 0 0 0 0 0 0 0 0 0 0 0 0 0 0 0 0 0 0 0 0 0 0 0 0 0 0 0 0 0 0 0 0 0 0 0 0 0 0 0 0 0 0 0 0 0 0 0 0 0 0 0 0 0 0 0 0 0 0 0 0 0 0 0 0 0 0 0 0 0 0 0 0 0 0 0 0 0 0 0 0 0 0 0 0 0 0 0 0 0 0 0 0 0 0 0 0 0 0 0 0 0 0 0 0 0 0
0 999 5.37164 5.7473 12.1103 11.229 4.23512 10.1826 6.3202 10.7253 12.6585 5.29873 4.33673 0.807217 2.33077 12.2482 4.81751 16.5517 5.9335 12.037 14.1932 7.74603 10.5728 14.0134 13.8595 10.9442 10.9298 14.938 4.70023 3.04554 12.9696 3.73627 3.26167 9.34942 15.133 5.28577 13.3715 7.77067 15.6974 8.99966 7.56857 16.3553 7.95179 0.410488 10.881 2.35816 0.876641 9.57067 5.92598 15.794 14.5155 12.1906 14.126 11.7837 3.16893 7.65763 12.4496 2.33829 12.438 6.92154 13.1661 1.60328 14.7156 13.261 11.8068 6.66251 9.69528 13.7332 9.3333 9.93703 13.0442 14.6263 10.3308 8.75125 9.24304 14.5606 4.29355 13.423 8.76488 13.2107 5.91991 9.15801 11.9198 7.12579 15.0102 9.48904 3.63732 11.6657 13.0881 10.7317 5.38897 13.6554 6.65256 3.59089 10.3 8.33665 10.1546 11.059 9.81611 2.29689 6.06953 11.0806 3.33216 8.73373 9.42958 5.02364 11.5633 9.92651 5.7807 14.2087 8.88449 2.30593 1.87011 13.5375 5.91906 9.87411 1.99552 12.1948 4.66622 4.62624 13.744 1.03392 8.06122 7.61003 14.2005 8.10583 5.26408 13.5811 11.7805 13.889 14.7 5.7523 2.65851 8.33361 11.2559 15.6465 9.95638 2.30601 8.14361 7.04119 14.3265 13.1488 12.7017 12.8421 1.76105 10.63 1.42352 6.56175 10.6121 6.25809 4.03923 4.31928 11.6195 5.65407 8.66601 14.0845 9.10965 14.257 16.0409 4.41977 11.6296 7.89878 11.436 16.0087 4.21826 6.48464 11.8119 10.7117 15.5889 12.0451 14.4014 12.4558 6.58365 9.89752 6.78473 13.2855 16.0416 8.50713 10.4398 7.96864 0.331059 1.34974 15.1504 13.7895 6.30477 8.60933 14.6292 12.4494 3.5766 11.6671 11.4063 5.89275 9.92641 10.8879 10.8804 8.70184 9.89996 4.19987 10.6915 4.81096 10.0836
0 5.37164 999 2.77411 7.9122 8.12849 1.13846 8.5005 2.71823 6.13538 7.69344 4.87822 1.66652 6.12612 3.38423 7.85866 0.698355 12.446 2.21163 9.00882 11.5106 2.67711 7.33845 10.81 9.74867 7.52033 8.29975 12.2481 4.07039 3.49185 9.03144 1.65855 3.52673 4.5407 11.0484 0.304138 10.8062 4.43615 12.095 4.4291 3.82551 12.5054 5.51888 5.44656 6.18321 3.65234 5.34058 4.3744 1.90686 11.9229 12.0102 8.10025 9.57706 7.86675 2.20531 2.89043 11.0061 4.24058 9.05179 6.18595 8.74417 4.05771 11.4454 11.7361 10.9276 1.32004 7.22244 9.01201 7.14426 6.94141 9.88316 13.0573 6.46978 5.45345 7.13454 11.9334 1.81838 8.59065 7.65248 11.6082 3.86256 5.1344 10.0834 1.97018 11.7833 6.0534 3.58022 7.10862 9.18131 5.59683 4.10761 11.0751 5.1 3.9684 9.30897 2.97893 5.11141 8.93758 4.82358 5.25047 2.3342 7.23775 2.41052 4.7671 6.38526 1.96736 8.62585 6.2808 1.72169 9.96163 5.50136 4.0989 3.56797 9.16727 0.69857 5.33488 5.46694 9.89554 4.69524 1.00439 10.4809 4.43352 7.59166 4.77669 10.1192 3.08229 3.22902 9.74076 6.95216 10.8263 10.9709 0.840952 4.9572 3.48811 9.03285 12.1154 7.59558 3.39815 2.94742 1.6868 10.8127 8.87787 7.88774 11.4766 3.73858 9.08728 6.2021 1.40071 8.68328 3.77115 1.38539 2.13937 10.6918 1.0824 3.29985 9.9909 4.04965 9.9646 12.0735 4.29298 8.24001 2.79122 8.10139 11.7007 2.25078 2.17904 8.39086 6.25182 11.1685 7.45698 11.4452 10.404 4.10858 4.9155 1.43136 10.1326 11.6766 3.13551 5.08178 6.44512 5.16841 5.16768 11.8252 9.67588 3.60738 4.96681 11.346 8.57021 3.88044 7.75872 9.99882 0.986002 4.84004 9.32805 5.72267 5.14262 5.46161 2.90823 5.88657 3.89979 5.55325
0 5.7473 2.77411 999 6.36523 5.81667 2.8146 5.77034 5.49229 5.04254 7.1168 2.50122 1.81224 6.55019 4.72149 6.50466 3.16623 10.8389 4.98375 6.6845 9.09093 2.86028 5.07359 8.60531 8.13181 5.37111 5.7928 9.84203 1.96825 2.77901 7.26753 3.26186 2.6162 6.80827 9.41706 2.47645 8.3329 2.10345 10.1296 6.86353 6.55934 10.7062 2.83783 5.6183 5.23651 3.40472 6.12883 4.52832 1.03586 10.1342 9.53606 6.45539 8.39088 6.07316 3.40125 2.41506 8.27964 3.65658 6.91469 3.48776 7.42172 4.14441 9.28416 9.02843 8.15689 3.46006 4.62819 8.04118 4.47098 4.54041 7.64128 10.3696 4.61108 8.19308 4.44347 9.5 4.15856 7.78081 4.87863 8.91081 1.13071 3.41072 7.40525 4.28417 9.6045 8.75902 5.66199 5.95399 7.3945 5.46816 6.67092 8.61168 2.34361 2.62589 6.536 4.52554 4.81705 6.29734 4.45154 4.46606 5.10813 5.37633 2.56096 2.98645 3.98549 4.60929 6.25084 4.24873 1.14337 8.46653 8.22947 5.57628 4.5076 7.79041 2.45416 4.20098 4.83265 7.32187 7.00607 2.18048 8.3016 4.72076 4.86541 7.55079 8.47968 3.04792 5.84706 7.90994 6.17403 8.55364 9.07537 2.08626 6.54856 5.84099 6.41995 10.1072 4.98086 3.45365 3.37073 3.18022 8.7788 7.40266 7.06412 8.74547 4.02851 6.34906 6.99933 3.85918 5.99647 6.50834 3.24728 1.53075 7.92187 1.76241 4.69793 8.36086 3.91004 8.51189 10.3565 6.58217 6.08769 4.9941 5.91381 10.266 1.59327 4.9148 6.26056 4.99289 9.84165 6.33574 9.13445 7.77638 1.35192 4.51438 3.47541 7.89124 10.2956 4.43199 5.82879 3.67185 5.69549 4.89612 9.69789 8.06105 0.857263 2.89436 9.19019 6.75529 2.57498 5.95689 7.25713 3.71259 4.6646 6.59529 5.64047 3.01015 4.19415 5.23463 5.11173 1.73566 4.39978
0 12.1103 7.9122 6.36523 999 2.73724 8.65292 5.4911 9.94467 1.96596 2.76725 7.61972 7.97837 12.9111 10.9054 0.583095 8.59053 4.54604 9.62601 3.04573 5.07078 5.38934 2.56135 3.73439 1.83657 2.09404 3.72109 5.61044 7.7499 9.10207 1.26127 9.21981 8.91182 9.01533 3.1379 7.75744 4.7993 4.38658 4.36125 9.4876 10.3637 4.61785 4.80076 11.9665 2.12085 9.759 12.48 4.51678 6.40078 4.03745 5.71235 0.339706 2.21551 0.799062 9.5448 5.02861 6.82851 9.93911 2.31206 6.92734 1.19407 10.5071 4.14162 7.11585 7.7056 7.40607 4.08222 2.29593 4.59918 3.1797 3.18211 7.92934 1.85043 11.7298 4.73888 5.46591 9.72672 2.48073 6.32278 6.91075 6.35862 2.96007 5.70811 7.85023 4.48157 11.9677 11.473 1.26246 1.42618 3.75289 11.8826 4.94291 6.20897 8.76131 6.83749 6.73766 3.61699 4.79951 3.64966 10.6043 9.67314 1.27581 8.88341 3.38374 3.34456 9.78645 3.1379 2.35866 6.58775 2.10488 11.674 11.7377 10.7983 1.46659 7.22272 2.61725 11.004 4.79854 12.5952 8.0128 3.39754 11.0857 7.25854 11.6834 2.20708 5.00308 10.9877 1.98479 2.16749 3.97001 3.20702 7.11475 12.6839 8.65592 4.63587 4.44083 4.23707 9.81862 5.38182 6.71059 3.29515 1.04019 2.13242 7.22056 10.3916 5.86079 13.3567 7.91591 5.09267 11.2131 9.07243 7.84817 7.50905 7.00532 6.52504 2.0787 4.31845 2.14672 4.16405 12.2 2.0948 7.93647 2.21617 3.90191 7.93184 9.15011 2.03902 1.72047 3.49162 1.24844 4.59353 5.48001 5.69232 3.56609 7.29812 3.34857 3.93154 6.35186 5.49875 5.79369 12.0602 11.1844 4.39568 1.76377 5.85642 3.52626 4.0421 1.03856 8.73836 0.850235 6.40707 8.3313 3.89539 5.90298 3.82472 3.46624 2.45734 10.8197 2.54401 7.56043 2.40917
0 11.229 8.12849 5.81667 2.73724 999 8.54801 2.81064 10.6024 3.80296 5.42109 6.14057 7.62331 11.9896 10.5302 3.30855 8.71663 5.72189 10.1832 0.880909 3.39872 6.15163 0.796241 2.80146 3.45232 0.841724 0.990454 4.12535 6.55412 8.19928 2.50146 9.04712 7.97402 10.4666 4.42797 7.894 2.76872 3.75481 4.50389 10.8271 11.313 5.28025 3.28402 11.0036 4.11807 8.90627 11.7637 6.07403 6.29051 4.76681 3.9415 2.47808 4.68124 1.9383 9.21791 5.57561 4.18438 8.91193 1.28144 4.97811 3.77085 9.67236 3.49521 4.58877 4.97933 8.06432 1.75727 4.98325 2.28035 1.29692 1.8312 5.60972 2.10846 12.842 2.42002 3.82671 9.82041 5.21714 3.88666 4.39477 5.32528 3.21442 3.04138 8.70974 3.80316 13.2134 11.4391 3.69693 2.51803 5.7725 12.2354 3.01378 4.6717 7.65879 4.13205 7.9517 5.37086 2.0632 5.22422 9.36129 10.2673 1.76301 8.33159 3.46976 1.83565 10.0958 0.557584 1.9801 6.49038 3.98648 12.8199 11.3853 10.2701 3.83541 7.52152 3.88104 9.77312 2.25887 12.7304 7.88571 2.5173 10.2643 4.90988 12.5508 3.65427 5.86629 11.3568 2.77108 4.62866 2.73761 3.62278 7.28815 12.3585 9.86927 1.91018 4.43221 1.73185 9.07181 6.3673 7.42162 3.13345 3.36043 4.83526 4.6101 9.65278 3.13359 12.5925 8.59065 2.37019 11.8072 8.98846 7.33085 4.778 7.07022 7.8444 3.58699 5.61057 4.12055 5.09125 12.311 0.70406 9.03848 0.53 5.54972 7.37412 9.855 0.850941 3.43286 5.42503 3.86136 3.33122 2.93973 4.68402 5.17402 7.99012 2.07928 5.68494 7.60806 7.39552 3.73395 11.2528 10.1036 3.9246 3.40755 5.05244 3.16796 3.40589 2.08137 7.66312 1.89932 3.67751 8.81346 5.56216 3.16665 5.90161 2.98719 3.6205 10.93 4.47756 6.42352 3.78452
0 4.23512 1.13846 2.8146 8.65292 8.54801 999 8.54964 3.12834 6.98011 8.6789 4.40265 1.10535 4.9949 2.34105 8.65846 0.730068 13.1987 2.59942 9.42578 11.874 3.65568 7.77808 11.3017 10.483 8.0201 8.5924 12.6223 3.53836 2.55838 9.70766 0.582495 2.646 5.50281 11.7859 1.06827 11.1296 4.79338 12.7073 5.3083 4.39038 13.188 5.65099 4.30847 7.06576 2.59378 4.23548 5.42853 2.29456 12.6072 12.3347 8.81029 10.4406 8.52071 1.07615 3.73359 11.0541 3.21139 9.56938 5.89889 9.56264 2.93586 11.9622 11.8158 10.8419 2.44826 7.44089 9.92533 7.28179 7.30001 10.351 13.166 7.07978 5.95451 7.24983 12.2879 1.36015 9.53697 7.53123 11.7044 3.73129 5.76238 10.2094 3.01955 12.2922 6.61785 2.89456 7.95412 9.85013 6.63268 3.88402 11.4063 4.94677 3.16545 9.21226 4.11545 6.10904 9.11066 5.79905 4.21627 2.74871 7.8582 1.41481 5.36247 6.74001 1.94905 9.01027 6.81769 2.09669 10.7377 6.03046 3.12303 2.45204 9.97359 1.71327 6.14923 4.40001 10.135 4.19869 0.663702 10.9846 3.29612 7.31531 5.09836 10.8483 4.04725 3.10369 10.3967 7.88676 11.2805 11.608 1.63049 4.04293 4.44387 9.23455 12.7087 7.79529 2.30367 3.99112 2.80945 11.3888 9.65154 8.82402 11.5142 2.60755 9.11777 5.10766 2.43822 8.80028 3.89005 0.440454 1.59762 10.6125 1.65919 4.43812 10.7224 5.0442 10.7541 12.7855 3.77584 8.74448 3.83471 8.58729 12.5061 1.65858 2.84114 8.90718 7.05392 12.0033 8.31618 11.8789 10.59 4.14566 5.88782 2.56462 10.6018 12.4982 4.273 6.20922 6.37336 4.03745 4.05882 12.3606 10.4104 3.66553 5.45748 11.8653 9.22314 3.07612 8.40836 10.0181 1.8461 5.85243 9.36885 6.76784 5.61258 6.24264 2.42002 6.80343 3.41738 6.36834
0 10.1826 8.5005 5.77034 5.4911 2.81064 8.54964 999 11.1939 6.09846 8.0356 4.89168 7.47295 10.8593 10.0758 6.03902 8.9361 8.18585 10.7051 3.00847 4.23332 7.29638 2.98263 4.64247 6.20613 3.40846 1.83763 4.92837 5.60004 7.37 5.28782 8.92807 7.13 11.8191 7.03137 8.21457 3.40084 4.28813 6.59519 12.0569 12.1457 7.54634 2.99294 9.88041 6.43952 8.06179 10.8673 7.85731 6.60601 7.12261 4.42512 5.26186 7.49176 4.70001 8.92045 6.64151 2.50936 7.86777 3.87125 3.27782 6.57343 8.78206 5.30422 3.26719 2.62488 8.86612 1.68324 7.77165 1.45041 2.57257 3.85523 4.6265 4.29773 13.7622 1.41209 4.53506 9.90782 7.96162 1.52532 3.16337 4.83674 4.7732 1.74233 9.63569 5.49754 14.2504 11.2829 6.272 5.28487 7.91581 12.4297 3.66772 3.70277 6.65869 1.35636 9.26305 7.37791 1.0819 7.13107 8.02978 10.8194 4.33761 7.88161 4.78674 2.83487 10.3792 2.61843 3.86462 6.78248 6.75273 13.7739 10.8994 9.67048 6.64588 8.04717 5.85493 8.42594 2.15745 12.6787 7.94051 4.52001 9.34477 2.53002 13.2428 6.36253 7.142 11.6161 5.44059 7.14267 4.35587 6.00933 7.72343 11.8473 11.0355 1.3369 6.44599 1.36125 8.33086 7.66568 8.34426 5.35584 6.17098 7.51033 2.97693 8.87056 0.596406 11.6035 9.35535 0.559732 12.2655 8.96714 7.04591 2.38663 7.43016 9.25603 6.31272 7.26044 6.89529 7.50057 12.2555 3.51295 10.1599 3.33736 8.19486 7.03861 10.5435 3.64486 5.74903 8.15237 6.50538 4.66512 2.28239 4.41879 7.11047 8.83102 4.01429 8.35629 8.98766 9.31933 2.26268 10.2858 8.90492 5.74172 6.16844 4.91456 4.25959 5.24995 4.89036 6.69505 4.64087 1.50586 9.37391 7.48613 0.827647 8.07332 4.07296 5.60807 10.9539 6.71317 5.56562 5.84624
0 6.3202 2.71823 5.49229 9.94467 10.6024 3.12834 11.1939 999 8.01901 9.06352 7.48311 4.15448 6.89073 3.99001 9.76988 2.47008 14.3544 0.531507 11.4729 14.0011 4.58132 9.80612 13.1701 11.7453 9.92182 10.8761 14.7229 6.63464 5.62418 11.1522 3.16689 5.742 3.1908 13.0122 3.01763 13.3371 7.03416 14.2704 2.73585 1.30602 14.5539 8.20315 6.55642 7.9691 5.48952 5.9031 5.70272 4.58852 13.9765 14.532 10.1847 11.2761 10.0531 3.65067 5.06448 13.6931 6.13209 11.4043 8.87813 10.5832 5.55707 13.7665 14.41 13.643 2.56704 9.85489 10.5826 9.81438 9.48637 12.2824 15.7155 8.76231 2.82618 9.81298 14.429 2.14441 10.0674 10.3707 14.2757 6.57506 7.4547 12.7432 2.13467 14.1111 3.49693 3.00566 8.94224 11.3114 6.88434 2.19666 13.5975 7.81417 6.28301 12.0261 3.50617 6.61012 11.5807 6.43183 7.08357 0.389487 9.49228 4.48386 7.14493 8.94242 1.34852 11.1254 8.67052 4.4159 11.8657 2.90396 4.23219 4.51602 11.0227 3.15696 7.33393 7.17268 12.4947 3.26038 3.50736 12.8302 5.67585 10.2904 2.05854 12.1182 4.95036 1.46349 11.8812 8.54263 13.23 13.1217 3.47056 4.66693 2.34019 11.6603 14.3206 10.2345 5.12377 4.56755 3.25154 13.0604 10.8146 9.42752 14.1659 5.18376 11.7841 6.58614 2.04245 11.3529 1.27279 2.90904 4.66374 13.4066 3.76707 3.83513 11.9878 5.67807 11.8386 14.0718 3.01783 10.6222 2.41058 10.5072 13.5008 4.74691 0.797621 10.7563 8.22521 12.9052 9.24091 13.8654 13.0324 6.82246 6.52574 2.66188 12.5273 13.4371 3.87291 5.70317 9.16264 6.023 6.6739 14.1175 11.6738 6.32155 7.44615 13.6652 10.7406 6.19408 9.95483 12.6964 1.82543 6.3066 12.0214 6.95208 7.63503 7.52024 2.21923 7.59524 6.4931 7.53723
0 10.7253 6.13538 5.04254 1.96596 3.80296 6.98011 6.09846 8.01901 999 2.23913 6.80706 6.44604 11.5325 9.29351 1.75414 6.82848 6.35645 7.72224 4.4383 6.78305 3.5171 3.22622 5.5794 3.72773 2.96446 4.62909 7.39351 6.72681 7.81944 3.22084 7.55956 7.65849 7.07461 4.99514 6.01505 6.36721 3.41791 6.32665 7.53323 8.40206 6.53885 4.36867 10.6307 0.342053 8.42188 11.0001 2.56189 4.83415 5.96406 7.40803 2.25175 3.46071 2.31657 7.94363 3.25682 7.9544 8.69902 3.94849 6.54997 2.61205 9.13587 6.0526 8.39126 8.60495 5.50789 4.4464 3.00821 4.85412 3.52626 4.88086 9.38352 1.80834 9.76435 4.96971 7.19981 7.95211 2.74609 6.48896 8.19771 5.34342 1.86574 6.809 5.90814 6.39738 10.0093 9.71558 0.97509 3.38541 1.98071 10.006 6.558 5.57075 7.61804 7.43501 4.7718 1.69163 5.71431 1.68671 9.47857 7.76135 2.07212 7.41383 2.21894 3.36394 7.94264 4.33583 2.24617 5.00225 3.86167 9.70951 10.1005 9.25981 3.0412 5.43725 0.851469 9.85775 6.06012 10.7709 6.37126 5.2331 9.69144 7.25006 9.72494 4.10027 3.1167 9.11452 3.94897 1.23491 5.76056 5.17262 5.38105 11.021 6.69104 5.62435 6.4064 4.7377 8.42005 3.4521 4.813 5.23651 2.79732 2.03868 8.39467 8.97116 6.59309 11.8864 6.00631 5.8487 9.29077 7.37916 6.40631 8.38289 5.3217 4.56071 3.96989 2.36008 3.84908 6.05288 10.3865 3.39988 5.97182 3.40828 5.56892 6.50754 7.22208 3.44363 0.370135 5.03432 1.33776 6.4041 6.74259 4.74052 1.60562 5.39393 5.08674 5.5413 4.3859 3.67222 5.63355 10.636 9.93809 6.33411 3.65662 4.74676 2.636 5.95144 2.90303 7.57871 2.2563 7.31708 6.46177 1.95144 6.70703 2.10155 2.69106 0.862844 9.02244 0.67897 6.51077 0.643506
0 12.6585 7.69344 7.1168 2.76725 5.42109 8.6789 8.0356 9.06352 2.23913 999 9.02494 8.32452 13.4627 11.0199 2.19009 8.38826 5.6938 8.87642 5.81022 7.74233 5.02829 5.05603 6.30796 3.67196 4.66507 6.37147 8.21039 8.8967 9.86002 3.75623 9.2596 9.71831 7.33001 4.60757 7.64032 7.54215 5.6439 6.36833 7.8957 9.14136 6.21257 6.59462 12.6019 1.95226 10.4189 12.8472 3.39912 6.73582 5.70968 8.38594 3.0922 2.47504 3.52568 9.71014 5.00632 9.57501 10.7526 5.06755 8.78208 2.31683 11.0986 6.5703 9.88179 10.3951 6.78083 6.46277 1.63518 6.92215 5.51951 5.89835 10.6839 3.81295 10.2619 7.04869 8.11473 9.45307 1.0412 8.61084 9.67708 7.53244 4.10333 8.44394 6.94413 6.88205 10.3502 11.2091 1.764 3.89622 2.18195 11.1993 7.66836 7.80924 9.73293 9.39149 5.56785 2.58234 7.4706 2.87988 11.5824 8.88046 3.7108 9.32637 4.44182 5.47001 9.28494 5.87082 4.33001 6.87779 3.47174 10.1733 11.7801 11.0715 2.67301 7.01035 2.98022 11.9488 7.55821 12.0992 8.13099 5.99668 11.6292 9.42665 10.4747 3.96824 4.63212 10.3391 4.32256 1.00424 6.60007 5.31132 7.04865 12.6506 7.26772 7.33055 6.52295 6.70204 10.3725 4.76056 6.13228 5.66668 2.80808 0.687677 9.97647 10.8977 8.4699 13.7331 7.20718 7.70299 10.3163 9.03653 8.36496 10.1886 7.0665 5.2589 3.85892 3.64446 3.36507 5.64144 11.7483 4.83104 6.74493 4.92468 4.69383 8.47732 8.28215 4.79438 2.47631 4.03317 1.56016 7.18471 8.24215 6.95156 2.79122 6.65061 6.03831 4.57214 5.19265 3.63138 7.82996 12.5379 11.9747 6.71858 3.62315 6.91851 4.87494 6.47967 3.75133 9.6868 3.54006 9.09222 7.78357 2.86094 8.54347 2.11301 4.92846 3.07483 10.4491 2.00562 8.67471 2.81887
0 5.29873 4.87822 2.50122 7.61972 6.14057 4.40265 4.89168 7.48311 6.80706 9.02494 999 3.33048 5.99791 5.35182 7.92033 5.01379 11.7448 6.95216 6.8842 8.91832 5.33274 5.59044 8.85483 9.1714 6.02798 5.70659 9.65783 0.87367 2.54197 8.21324 4.5846 2.30634 9.22862 10.3641 4.57901 8.09054 3.39046 10.6433 9.22625 8.68095 11.4021 2.91029 5.01139 7.07385 3.20315 5.97622 6.8884 3.50076 10.8687 9.22228 7.60385 9.81025 7.10211 4.39167 4.82203 7.23221 2.97619 7.40525 1.68861 8.79002 3.9 9.56143 8.03852 6.74807 5.83614 4.48636 9.6454 4.07659 4.89875 7.89953 9.41225 5.77105 10.2918 3.97554 9.27664 5.69278 9.51008 3.52887 7.97181 1.56818 4.95513 6.63284 6.65133 9.83647 10.9178 6.72846 7.57895 8.30348 7.68313 8.14448 8.37356 1.47411 1.78404 5.15566 7.0205 7.0159 5.76279 6.65192 3.24099 7.09485 6.41464 3.30968 4.58835 4.46992 6.35079 6.40038 5.26621 3.5582 9.60667 10.352 6.13087 4.87567 9.0849 4.77353 6.04881 3.65141 6.90096 8.15309 3.97887 8.61237 4.45543 3.02789 9.49359 9.4726 5.47442 7.45174 8.727 8.02943 8.69244 9.73586 4.39711 7.04639 8.22521 5.96398 10.5641 4.70928 3.50828 5.84299 5.64646 9.27397 8.63507 8.82805 7.65028 4.01617 5.36134 6.71638 6.16385 5.31338 8.28841 4.73207 2.82144 6.53732 4.07424 7.19878 9.37141 6.23626 9.6899 11.1632 7.74326 6.64425 7.40835 6.43681 11.3704 2.74653 7.04662 6.83026 6.64603 11.0655 7.95063 9.16991 7.15878 2.07523 6.69768 5.87335 8.13066 11.4494 6.9332 8.2632 2.67152 5.3946 4.0536 10.0044 9.10758 2.20658 4.21353 9.48117 7.68862 1.83096 6.98988 6.17729 5.8642 6.91834 5.62108 7.86206 4.21456 5.95344 6.58377 7.06196 0.990051 6.20622
0 4.33673 1.66652 1.81224 7.97837 7.62331 1.10535 7.47295 4.15448 6.44604 8.32452 3.33048 999 5.13922 2.95041 8.04671 1.6844 12.5043 3.62315 8.49365 10.9022 3.44026 6.87224 10.4053 9.78571 7.15124 7.60053 11.6536 2.48069 1.89518 8.96181 1.46373 1.89264 6.20201 11.0835 1.40464 10.1408 3.88542 11.8904 6.09434 5.372 12.4276 4.61503 4.30471 6.57866 2.22092 4.55457 5.2736 1.61208 11.8508 11.3428 8.10394 9.88776 7.76619 1.60328 3.32104 9.97243 2.72683 8.69989 4.79593 8.96278 2.80964 11.0794 10.7401 9.74048 2.88087 6.42375 9.44386 6.23529 6.35132 9.44412 12.0957 6.3062 6.97037 6.19621 11.3104 2.45817 9.10844 6.42918 10.6329 2.64093 5.03019 9.14882 3.61448 11.4027 7.61006 3.85747 7.40509 9.09657 6.40757 4.97853 10.4203 3.84615 2.30419 8.11089 4.42096 5.8206 8.06812 5.48 3.71872 3.76701 7.08263 1.01257 4.61286 5.79521 3.04345 8.06236 5.9904 1.45165 10.0813 7.03563 3.7997 2.82462 9.35618 1.86325 5.59646 3.98729 9.11344 5.22165 0.675352 10.0976 3.31255 6.21289 6.16507 10.1433 3.78338 4.20862 9.62797 7.46 10.3609 10.8161 1.57089 4.76681 5.15242 8.20176 11.8771 6.76846 2.08396 3.87288 2.99252 10.5503 9.00118 8.38761 10.4298 2.5787 8.03563 5.44132 3.05851 7.74086 4.98591 1.4994 0.509313 9.51186 1.37786 4.69946 10.0207 4.78257 10.1119 12.0535 4.79742 7.87224 4.42922 7.70388 11.8708 0.599083 3.7589 8.04174 6.46789 11.4047 7.77937 10.9449 9.54736 3.09595 5.56103 2.9638 9.69446 11.8813 4.48559 6.28212 5.27914 4.21445 3.81064 11.4887 9.71377 2.63486 4.62248 10.9845 8.46093 2.21678 7.65128 8.93216 2.62132 5.59812 8.28843 6.56046 4.75903 5.64965 3.48105 6.36905 2.34062 5.81124
0 0.807217 6.12612 6.55019 12.9111 11.9896 4.9949 10.8593 6.89073 11.5325 13.4627 5.99791 5.13922 999 2.94491 13.0527 5.54833 17.3437 6.53694 12.7892 14.9121 8.53905 11.3438 14.7667 14.6552 11.7217 11.6657 15.6538 5.44362 3.83021 13.761 4.47662 4.04001 9.98059 15.926 6.05404 14.0865 8.56379 16.4678 9.60255 8.10355 17.1367 8.70775 0.989798 11.6881 3.15349 1.01966 10.3602 6.73172 16.5772 15.2198 12.9884 14.9318 12.577 3.92108 8.46022 13.0806 3.07883 13.2073 7.58552 13.9704 2.40601 15.4703 13.892 12.3903 7.40223 10.4327 14.5405 10.0572 10.7008 13.799 15.2509 11.1264 9.19674 9.96282 15.2737 4.94047 14.2298 9.41677 13.8493 6.69481 9.96072 12.5899 7.83125 15.7613 9.93448 4.05878 12.4726 13.8782 11.5272 5.75029 14.3699 7.38394 4.33434 10.9149 9.07591 10.954 11.7595 10.617 2.86295 6.6666 11.8734 4.13706 9.53655 10.1994 5.63413 12.313 10.717 6.58517 15.0081 9.33744 2.71597 2.57498 14.3406 6.69182 10.6813 2.50098 12.8985 4.90408 5.41133 14.5017 1.84114 8.66923 8.03428 14.9947 8.90204 5.73684 14.3674 12.5868 14.6343 15.4789 6.5367 2.79322 8.98239 11.9619 16.4132 10.6842 3.11296 8.93015 7.80433 15.0959 13.95 13.5084 13.462 2.56681 11.2897 0.930591 7.27555 11.3028 6.70779 4.77269 5.1265 12.2102 6.44727 9.40968 14.8793 9.90665 15.0575 16.828 4.71699 12.4025 8.58883 12.2071 16.8081 5.02535 7.1172 12.5854 11.5182 16.3916 12.8521 15.1378 13.1386 7.36213 10.6989 7.52687 14.0387 16.8426 9.25864 11.2041 8.66864 0.957706 1.95474 15.9069 14.5854 7.09491 9.40566 15.3849 13.2399 4.32695 12.4604 12.045 6.59883 10.7235 11.5459 11.6746 9.49547 10.7068 4.71106 11.4976 5.56619 10.8908
0 2.33077 3.38423 4.72149 10.9054 10.5302 2.34105 10.0758 3.99001 9.29351 11.0199 5.35182 2.95041 2.94491 999 10.9451 2.73212 15.4416 3.60606 11.3915 13.7482 5.99494 9.79429 13.3243 12.7223 10.0895 10.4339 14.5014 4.52863 2.82793 11.909 1.76051 3.05477 7.03831 14.0224 3.38971 12.9647 6.82012 14.8377 6.67372 5.24684 15.3774 7.40369 2.57527 9.39183 2.27108 2.02475 7.74994 4.50494 14.8002 14.1563 11.0417 12.7531 10.714 1.36059 6.06304 12.516 2.79873 11.6352 7.0312 11.8559 1.89842 14.0051 13.3109 12.0977 4.5763 9.22411 12.2561 8.97005 9.24443 12.3584 14.6834 9.25532 6.49117 8.91056 14.1468 1.99722 11.8752 8.83919 13.2259 5.32184 7.97023 11.8021 4.92603 14.3243 7.22524 1.57207 10.2646 12.0449 8.96329 3.31157 13.2473 6.37377 3.62138 10.4951 6.23232 8.44839 10.7917 8.13998 3.51392 3.74049 10.0323 2.22225 7.55604 8.69516 2.69787 10.9474 8.9395 4.32023 13.0034 6.61637 0.855102 0.630079 12.2592 4.0314 8.45431 3.46831 11.8809 2.92617 2.9225 13.0225 1.78709 8.37263 5.38243 13.0824 6.38797 3.01051 12.5779 10.224 13.2638 13.7663 3.97152 1.82822 6.03749 10.95 14.8215 9.54504 1.89621 6.31535 5.06258 13.4938 11.9196 11.1609 12.9514 1.57137 10.6 2.84522 4.38782 10.414 4.01609 2.00142 3.19939 11.8845 3.97997 6.57623 12.9587 7.38323 13.0278 14.9996 2.55979 10.8079 5.66255 10.6352 14.7849 3.1594 4.17354 10.9796 9.3488 14.2995 10.6312 13.8339 12.2575 5.89388 8.22883 4.70687 12.6079 14.7864 6.45136 8.43152 7.81635 2.03983 2.85771 14.4194 12.6501 5.48432 7.57201 13.9114 11.41 3.55584 10.5993 11.4598 3.70303 8.18913 10.8593 9.09472 7.706 8.53244 1.92333 9.13854 4.52604 8.67253
0 12.2482 7.85866 6.50466 0.583095 3.30855 8.65846 6.03902 9.76988 1.75414 2.19009 7.92033 8.04671 13.0527 10.9451 999 8.54702 4.6044 9.47629 3.6278 5.60057 5.26621 3.08196 4.222 1.99063 2.63154 4.28753 6.11433 7.99331 9.26944 1.67726 9.23288 9.0885 8.67182 3.24234 7.72379 5.36008 4.60991 4.66203 9.16547 10.1213 4.80026 5.16532 12.1224 1.82044 9.90923 12.5807 4.21807 6.44748 4.23058 6.24385 0.902109 1.90371 1.37277 9.58706 4.96903 7.41151 10.1237 2.87903 7.32561 0.918368 10.6468 4.57867 7.69673 8.28262 7.26191 4.58625 1.80768 5.09259 3.6646 3.72808 8.49709 2.178 11.4431 5.23001 5.98754 9.67703 1.9226 6.81674 7.49136 6.59464 3.10258 6.29035 7.65355 4.9113 11.651 11.4356 0.859884 1.83576 3.34571 11.7591 5.49534 6.5427 8.97325 7.38976 6.47522 3.2956 5.37175 3.38053 10.828 9.51483 1.74657 8.98061 3.52405 3.77318 9.68939 3.71903 2.71553 6.62731 2.11009 11.3804 11.7662 10.8713 1.31518 7.16258 2.52389 11.2223 5.38134 12.514 8.03217 3.89344 11.218 7.72927 11.45 2.36 4.86806 10.8671 2.35308 1.66433 4.48074 3.51923 7.08436 12.7005 8.36929 5.21211 4.76615 4.76269 9.94626 5.20461 6.56689 3.70346 1.0448 1.54945 7.80354 10.5123 6.42256 13.4626 7.76024 5.6535 11.0421 9.06824 7.95252 8.08452 7.00084 6.24087 2.23002 4.0989 2.10609 4.30345 12.1264 2.67556 7.68315 2.79159 3.8486 8.04329 8.97259 2.62206 1.60823 3.35801 0.718471 5.09141 6.06238 5.93974 3.29123 7.14807 3.88254 3.84159 6.08599 5.08781 6.22666 12.1828 11.3702 4.79854 1.92128 6.05994 3.74877 4.48154 1.57385 8.94504 1.41057 6.98291 8.213 3.58811 6.47077 3.39825 3.71704 2.41588 10.7564 2.22729 7.79495 2.30541
0 4.81751 0.698355 3.16623 8.59053 8.71663 0.730068 8.9361 2.47008 6.82848 8.38826 5.01379 1.6844 5.54833 2.73212 8.54702 999 13.1289 1.93876 9.59753 12.0831 3.37523 7.93204 11.426 10.4271 8.13448 8.84062 12.8252 4.16473 3.28586 9.69701 1.08522 3.36667 4.77938 11.728 0.840119 11.3629 4.98824 12.747 4.57832 3.7 13.1745 5.98258 4.9272 6.87983 3.31453 4.72149 5.05665 2.43393 12.5921 12.5686 8.77251 10.2732 8.5258 1.66388 3.57806 11.4455 3.93721 9.67399 6.44007 9.43552 3.61222 12.0697 12.1911 11.3014 1.85715 7.73034 9.71033 7.6168 7.50462 10.4904 13.5268 7.11506 5.28825 7.59707 12.503 1.1378 9.28849 8.00162 12.0706 4.18527 5.78135 10.5572 2.33626 12.4055 5.9356 2.88862 7.80237 9.84528 6.28314 3.53952 11.6351 5.42167 3.87289 9.67457 3.52853 5.80595 9.43008 5.52062 4.93961 2.08279 7.88726 2.14441 5.40342 6.94537 1.44312 9.20228 6.90404 2.23636 10.6474 5.35631 3.41744 2.97431 9.85721 1.39531 6.02322 5.11317 10.4177 4.04401 1.04809 11.1004 3.92665 7.85654 4.48938 10.7968 3.78058 2.69 10.4021 7.65046 11.43 11.6286 1.48071 4.26283 3.72132 9.5378 12.7624 8.09654 3.01027 3.63632 2.33555 11.454 9.56276 8.58597 11.9116 3.26847 9.51528 5.56952 1.75935 9.1505 3.35775 0.778332 2.19367 11.0686 1.65048 3.86529 10.6689 4.74546 10.6525 12.7486 3.63456 8.85692 3.1407 8.71207 12.3913 2.27783 2.12116 9.01175 6.93931 11.8624 8.15221 12.0426 10.9045 4.51815 5.61272 1.98457 10.7406 12.3692 3.727 5.70103 6.81561 4.59343 4.74605 12.4555 10.3543 4.02155 5.57057 11.9711 9.22979 3.78345 8.41656 10.4231 1.13018 5.53249 9.76139 6.406 5.74003 6.14466 2.24439 6.58474 4.02374 6.24196
0 16.5517 12.446 10.8389 4.54604 5.72189 13.1987 8.18585 14.3544 6.35645 5.6938 11.7448 12.5043 17.3437 15.4416 4.6044 13.1289 999 14.0738 5.20899 4.96424 9.87059 6.16198 3.71949 2.71936 5.71686 6.47508 4.87694 12.0282 13.5146 3.58286 13.7647 13.3104 12.9872 1.42215 12.2985 5.43568 8.78108 1.99123 13.5312 14.6353 1.01833 8.83457 16.3802 6.38565 14.1935 16.9677 8.71281 10.94 1.12058 5.41023 4.40051 3.22248 4.76917 14.0813 9.55641 8.13394 14.3148 4.44937 10.6952 3.77196 14.9528 3.26547 7.9432 9.37838 11.8631 7.47909 4.06428 7.99825 6.86536 4.33941 7.99856 6.22832 15.871 8.136 5.07063 14.2632 4.6774 9.51723 7.75281 10.6808 7.47412 7.36872 12.2278 3.30297 16.0059 16.0145 5.41366 3.46965 7.66016 16.3624 5.32902 10.274 13.0946 9.27333 10.9863 7.78394 7.14132 7.92834 14.8906 14.1088 5.47133 13.3851 7.89227 7.27522 14.2927 5.65828 6.62722 11.1289 2.49479 15.7934 16.2777 15.3151 3.33191 11.7528 7.11734 15.2991 6.37336 17.1147 12.5572 3.72924 15.5391 10.5636 15.9713 2.36163 9.47228 15.4709 3.01783 5.89122 4.1003 2.17681 11.6564 17.227 12.8217 6.88941 2.23323 7.41828 14.2837 9.7986 11.1688 2.86128 3.57056 5.12563 8.31049 14.8628 8.25112 17.8365 12.3574 7.63682 15.6272 13.6185 12.3476 9.27371 11.5511 10.7221 2.48365 8.67643 2.51589 0.708802 16.7246 5.12711 12.1963 5.33904 1.06892 12.4241 13.5569 4.94292 6.20001 1.74244 5.11649 4.19869 6.8025 10.0068 7.83539 11.7478 4.20954 1.27581 10.5966 9.29032 9.4541 16.5229 15.5483 2.98203 2.79159 10.2489 7.94904 3.26198 4.10557 13.0828 4.88575 8.31719 12.8173 8.08698 8.14789 7.65346 7.85033 6.98455 15.3501 6.76237 11.8625 6.90086
0 5.9335 2.21163 4.98375 9.62601 10.1832 2.59942 10.7051 0.531507 7.72224 8.87642 6.95216 3.62315 6.53694 3.60606 9.47629 1.93876 14.0738 999 11.0575 13.581 4.23993 9.38736 12.7832 11.4397 9.51972 10.4291 14.3077 6.1032 5.10734 10.8178 2.65927 5.22074 3.45654 12.7168 2.50731 12.9052 6.57578 13.9293 3.0678 1.80754 14.2424 7.71765 6.15029 7.69168 4.99353 5.56795 5.4884 4.1 13.6629 14.1035 9.85561 11.0325 9.70116 3.16084 4.68386 13.2078 5.63578 11.0168 8.3539 10.3079 5.09377 13.3899 13.9308 13.139 2.21995 9.38953 10.363 9.33544 9.04675 11.8847 15.243 8.38263 3.35601 9.33065 14.0078 1.68315 9.86446 9.86018 13.7991 6.05829 7.06385 12.2693 1.94095 13.7333 4.02057 2.79079 8.66096 10.9753 6.69467 2.32332 13.1682 7.29792 5.75792 11.5196 3.37338 6.37654 11.1126 6.17511 6.59761 0.152315 9.12343 3.96415 6.74007 8.49866 0.910494 10.7002 8.26828 3.92272 11.5805 3.43111 3.93127 4.10011 10.7454 2.69164 7.00928 6.70007 12.0418 3.27866 2.9776 12.4455 5.24307 9.76725 2.57257 11.8131 4.62294 1.47353 11.5441 8.30819 12.8322 12.7846 2.98786 4.45732 2.51098 11.1977 13.9726 9.76721 4.63406 4.27551 2.91548 12.7006 10.5193 9.20856 13.6795 4.72175 11.2936 6.2891 1.71642 10.8748 1.62496 2.3927 4.13243 12.9033 3.27495 3.71749 11.6829 5.40712 11.5598 13.7708 2.98074 10.2261 2.39006 10.1051 13.242 4.21541 0.673573 10.3646 7.91136 12.6585 8.97134 13.464 12.5701 6.32017 6.26975 2.3294 12.1309 13.1867 3.71765 5.62411 8.65555 5.64588 6.21992 13.7484 11.3678 5.81898 7.0191 13.289 10.394 5.66887 9.60042 12.2056 1.37102 6.07534 11.5327 6.77443 7.20536 7.18474 1.96787 7.33043 5.96212 7.21701
0 12.037 9.00882 6.6845 3.04573 0.880909 9.42578 3.00847 11.4729 4.4383 5.81022 6.8842 8.49365 12.7892 11.3915 3.6278 9.59753 5.20899 11.0575 999 2.53221 6.99932 1.672 1.97773 3.25983 1.59816 1.27475 3.25037 7.34611 9.01946 2.4225 9.92198 8.79119 11.2614 4.023 8.77483 1.95862 4.63243 3.79423 11.6387 12.1664 4.65311 4.08598 11.801 4.73068 9.72856 12.5907 6.82139 7.171 4.18169 3.09584 2.73249 4.68722 2.29491 10.0853 6.43467 3.80182 9.71045 0.902718 5.6132 3.89308 10.4931 2.68263 4.07185 4.77419 8.92917 2.40832 5.13069 2.88028 2.14709 1.01533 4.95704 2.87179 13.6841 3.00794 2.96184 10.7008 5.4555 4.31005 3.86766 6.15527 4.05775 2.71035 9.5632 2.97321 14.0423 12.3156 4.1699 2.38053 6.41879 13.1159 2.18277 5.43006 8.45488 4.21286 8.76653 6.0703 2.03273 5.95487 10.1204 11.1402 2.36783 9.18678 4.3323 2.69904 10.9761 0.485489 2.82177 7.37082 3.81293 13.6587 12.2462 11.1204 3.85684 8.39974 4.62585 10.5319 1.75684 13.6101 8.76386 1.72905 11.0841 5.35818 13.4123 3.37854 6.70251 12.2369 2.44976 5.11614 1.87299 3.04429 8.16835 13.2195 10.6931 1.8051 3.69439 2.26153 9.90552 7.19612 8.28071 2.45489 3.41826 5.17677 4.18007 10.4848 3.17506 13.4112 9.45613 2.4802 12.6819 9.86621 8.19286 4.59979 7.9511 8.64506 3.33996 6.39294 3.96561 4.54004 13.1905 1.03947 9.87132 1.04848 5.18693 8.2331 10.7218 1.0265 4.07339 5.16679 4.26564 2.45345 2.43483 5.52558 5.89767 8.85268 1.25004 5.35112 8.41543 8.0898 4.36807 12.0704 10.8868 3.12271 3.23125 5.90871 4.04623 2.59956 2.15372 8.46334 2.29961 3.51091 9.6884 6.28204 3.13543 6.53491 3.86679 4.36981 11.8101 5.11708 7.22623 4.50708
0 14.1932 11.5106 9.09093 5.07078 3.39872 11.874 4.23332 14.0011 6.78305 7.74233 8.91832 10.9022 14.9121 13.7482 5.60057 12.0831 4.96424 13.581 2.53221 999 9.52942 4.19496 1.52201 4.36085 4.1173 3.31453 0.75326 9.50268 11.2398 3.98964 12.35 11.0042 13.7444 4.37017 11.2688 0.83672 7.09694 3.00268 14.1393 14.6976 4.0498 6.34871 13.9234 7.03946 11.9495 14.8091 9.2637 9.64997 3.85686 0.643817 4.73111 5.97047 4.48371 12.474 8.96688 3.26841 11.8551 2.83478 7.42626 5.51044 12.7027 1.71003 2.98391 4.55774 11.4606 4.53538 6.66001 4.86079 4.57984 1.90646 3.16893 5.36847 16.2098 4.95041 0.430116 13.1725 7.13552 5.75785 2.79866 8.44065 6.58802 2.7938 12.0946 1.67693 16.5579 14.75 6.31862 3.85751 8.7355 15.6132 0.566039 7.54404 10.6068 4.88611 11.2736 8.46178 3.2037 8.3848 12.1401 13.6658 4.77218 11.5279 6.86391 5.13997 13.4771 2.88513 5.35295 9.8486 4.83104 16.1822 14.5989 13.433 5.28834 10.9139 7.08455 12.5454 2.07663 16.0705 11.2164 1.77553 13.2862 6.75236 15.9445 4.24924 9.22755 14.7395 3.52264 7.23826 1.16284 3.10654 10.6719 15.5696 13.2061 2.97693 2.7778 4.24396 12.1639 9.71613 10.8129 2.41205 4.99219 7.06116 3.37771 12.7333 4.01434 15.5964 11.9873 3.70757 15.2045 12.3134 10.5665 4.49722 10.4439 11.1388 4.29197 8.87528 4.99764 4.26986 15.6486 3.47174 12.392 3.54302 5.44945 10.5945 13.2525 3.38112 6.43472 5.73838 6.31007 0.77 2.1445 7.85451 8.32011 11.3846 1.72247 5.67868 10.9162 10.4541 6.25819 14.2591 12.9719 1.9965 4.37595 8.27873 6.56284 1.73234 4.03408 10.6276 4.53194 3.72207 12.2108 8.69617 3.81811 8.83145 6.37887 6.83565 14.2767 7.44972 9.41555 6.9456
0 7.74603 2.67711 2.86028 5.38934 6.15163 3.65568 7.29638 4.58132 3.5171 5.02829 5.33274 3.44026 8.53905 5.99494 5.26621 3.37523 9.87059 4.23993 6.99932 9.52942 999 5.364 8.61485 7.21069 5.41498 6.57499 10.2318 4.82203 5.20324 6.57828 4.23449 5.12001 4.52306 8.49632 2.61205 8.91871 3.03646 9.6925 4.77782 5.16939 10.0071 4.44042 7.73807 3.53115 5.64448 7.86031 1.83338 2.03002 9.42677 10.0908 5.61573 6.92275 5.47179 4.70227 0.657951 9.68062 6.09007 6.85409 5.9925 6.1264 6.24869 9.19674 10.3176 9.90208 2.02158 5.73468 6.33793 5.84658 5.16706 7.75118 11.5416 4.20739 6.69138 5.88863 9.95948 4.47236 5.9138 6.90613 10.1585 3.81446 2.9416 8.62569 2.56868 9.54246 7.08407 6.23927 4.47893 6.73625 2.99152 6.49726 9.16534 4.77423 5.31493 8.38697 1.97436 2.45349 7.43326 2.15058 7.03145 4.29262 4.91973 4.45094 2.69883 4.66991 4.42579 6.69592 4.17771 2.09678 7.37621 6.67237 6.75201 6.07553 6.55781 1.98588 2.77218 7.34611 8.20664 7.25585 3.1383 8.27196 6.73573 7.21716 6.43479 7.58394 0.407185 5.60361 7.30537 4.27563 8.69586 8.54599 2.0297 7.63 3.77359 7.46199 9.74002 6.1193 5.52407 0.510882 1.33004 8.47992 6.30341 5.21078 10.157 6.00264 7.88891 8.74177 2.54002 7.3161 5.84042 4.00824 3.61093 9.66141 2.09201 2.01943 7.45399 1.38852 7.3661 9.54344 6.8749 6.0937 2.91386 5.99587 9.08069 3.73846 3.79638 6.21696 3.6809 8.52821 4.81369 9.33801 8.80673 3.5934 2.24143 1.92003 7.9918 9.04434 1.74187 2.98181 5.71077 7.5948 7.23627 9.54112 7.13841 3.22672 3.1197 9.09514 6.16 5.24623 5.37372 8.77825 2.94763 2.19911 8.09322 3.136 3.3169 2.94491 5.52073 3.21636 4.59109 2.98263
0 10.5728 7.33845 5.07359 2.56135 0.796241 7.77808 2.98263 9.80612 3.22622 5.05603 5.59044 6.87224 11.3438 9.79429 3.08196 7.93204 6.16198 9.38736 1.672 4.19496 5.364 999 3.53307 3.68658 0.492443 1.40663 4.92062 5.93384 7.53176 2.70756 8.28476 7.31154 9.71047 4.80213 7.10676 3.55508 2.99055 5.12455 10.0593 10.5213 5.8228 2.68544 10.3624 3.55788 8.234 11.0804 5.36367 5.51058 5.28164 4.73483 2.3817 4.69366 1.80693 8.47156 4.78257 4.73846 8.27348 1.86625 4.58402 3.71102 9.00094 4.21086 5.22 5.39278 7.26895 1.52801 4.8572 2.05572 0.709366 2.5742 6.31134 1.44014 12.0553 2.19784 4.62291 9.04027 5.00001 3.77143 5.03468 4.65354 2.43403 3.59611 7.91838 4.53118 12.434 10.6716 3.29419 2.77065 5.15617 11.4459 3.8048 4.11694 7.02767 4.33896 7.18368 4.70805 2.48845 4.53349 8.77411 9.4712 1.35624 7.60848 2.67619 1.1449 9.30562 1.33195 1.21078 5.71071 4.18115 12.035 10.6493 9.55293 3.86518 6.72773 3.18912 9.18517 2.93764 11.9528 7.11489 3.22819 9.59329 4.73494 11.7561 3.94808 5.08587 10.5659 3.14759 4.18384 3.50321 4.15626 6.49775 11.6219 9.09398 2.40208 5.07694 1.68074 8.38218 5.59129 6.62816 3.75405 3.38155 4.52881 5.18693 8.96479 3.41892 11.9198 7.7951 2.6565 11.0114 8.21842 6.59686 5.17549 6.28385 7.08662 3.86012 4.87201 4.29415 5.57283 11.5344 1.06174 8.25802 0.863308 5.86435 6.64569 9.05915 1.2468 2.86044 5.65191 3.52285 4.1106 3.59611 3.99625 4.49013 7.19539 2.82492 5.97224 6.84568 6.72593 3.37313 10.5832 9.48287 4.62758 3.63056 4.3352 2.37428 4.11734 2.20719 7.02614 1.72586 4.09777 8.01774 4.87906 3.50801 5.29636 2.19584 2.92746 10.1511 3.88326 5.7883 3.1167
0 14.0134 10.81 8.60531 3.73439 2.80146 11.3017 4.64247 13.1701 5.5794 6.30796 8.85483 10.4053 14.7667 13.3243 4.222 11.426 3.71949 12.7832 1.97773 1.52201 8.61485 3.53307 999 2.84297 3.29152 3.1737 1.90245 9.32378 10.9921 2.55979 11.8144 10.7649 12.637 2.9144 10.5927 1.74562 6.52239 1.95602 13.0697 13.7654 2.94496 6.0617 13.7786 5.80042 11.7005 14.5607 8.12298 9.02202 2.60271 2.14084 3.40084 4.45118 3.26827 12.0044 8.10575 4.43558 11.6879 1.76638 7.53569 4.03491 12.4657 0.706612 4.3314 5.66326 10.6051 4.3701 5.15606 4.81583 4.09763 0.971236 4.68017 4.40965 15.224 4.93543 1.83611 12.5453 5.64915 6.08967 4.1303 8.12266 5.71934 3.65297 11.1779 1.0017 15.5244 14.1963 4.99685 2.41357 7.47412 14.9116 1.69579 7.40547 10.4324 5.6117 10.2375 7.27091 3.56329 7.23918 12.0935 12.8552 3.70734 11.1307 6.05437 4.63519 12.7708 2.45717 4.53054 9.22223 3.30905 15.1841 14.1794 13.0708 3.78737 10.1731 6.00281 12.5047 2.67434 15.4612 10.6381 0.347851 13.0572 7.13488 15.0476 2.72787 8.27887 14.0237 2.022 5.88331 0.400125 1.66027 9.97025 15.1524 12.177 3.30723 1.80424 4.18384 11.8713 8.73808 9.93217 0.93086 3.5203 5.62161 4.64969 12.4518 4.61511 15.3849 11.1322 4.08274 14.4061 11.7416 10.1255 5.55486 9.77557 10.0698 2.77 7.80439 3.4757 3.01081 15.0452 2.57008 11.3968 2.71597 4.04317 10.1713 12.3985 2.42167 5.25518 4.26822 4.94009 0.876812 3.0838 7.48493 7.16612 10.517 0.728011 4.26029 9.86568 9.2148 6.29986 14.0443 12.8641 1.15104 2.86063 7.8521 5.85718 0.629682 2.7052 10.4406 3.34054 4.60544 11.4253 7.52693 4.4847 7.55381 5.69337 5.77105 13.658 6.22126 9.20297 5.83798
0 13.8595 9.74867 8.13181 1.83657 3.45232 10.483 6.20613 11.7453 3.72773 3.67196 9.1714 9.78571 14.6552 12.7223 1.99063 10.4271 2.71936 11.4397 3.25983 4.36085 7.21069 3.68658 2.84297 999 3.20412 4.37453 4.69655 9.39304 10.8306 0.979081 11.0475 10.6313 10.633 1.303 9.59366 4.40124 6.09338 2.72971 11.1384 12.1118 2.81178 6.27494 13.6983 3.81106 11.5022 14.2595 6.20562 8.22096 2.24009 4.98378 1.6819 1.61012 2.08828 11.362 6.86391 6.89461 11.6457 2.35919 8.26896 1.36894 12.258 2.95736 6.97324 7.9801 9.22106 5.14689 2.3354 5.68318 4.39301 2.79807 7.49155 3.52881 13.4283 5.82604 4.67508 11.5633 2.87211 7.33595 6.76504 8.02442 4.75565 5.89054 9.63571 3.24692 13.6246 13.309 2.8457 0.935201 5.28015 13.7076 4.44182 7.71625 10.4402 7.46223 8.46568 5.28008 5.28716 5.37113 12.2588 11.4827 2.79201 10.6718 5.17476 4.72619 11.6181 3.59202 3.95824 8.41014 0.553263 13.3635 13.5585 12.5985 1.00603 9.05877 4.44083 12.6643 4.8737 14.4301 9.83972 2.59625 12.842 8.34962 13.4402 0.373363 6.81934 12.8134 0.878635 3.5206 3.20225 1.63976 8.95092 14.5085 10.3558 5.06436 2.86531 5.17751 11.5819 7.1777 8.52522 2.05548 0.961769 2.9955 7.20295 12.1592 6.42739 15.1311 9.72587 5.70769 13.0164 10.9044 9.63448 7.82125 8.83858 8.22908 0.243311 6.08398 0.71007 2.33283 14.0356 2.76449 9.67377 2.96951 2.19911 9.71297 10.9487 2.6025 3.53001 1.97677 2.62069 3.6946 5.4787 7.35068 5.28186 9.11035 2.83049 2.28954 8.07634 7.00071 7.05856 13.823 12.8854 3.05944 0.0728011 7.56638 5.25019 2.87507 1.49037 10.424 2.20411 6.74961 10.1567 5.5751 6.39508 5.31154 5.16149 4.29107 12.65644.21628 9.21745 4.22834
0 10.9442 7.52033 5.37111 2.09404 0.841724 8.0201 3.40846 9.92182 2.96446 4.66507 6.02798 7.15124 11.7217 10.0895 2.63154 8.13448 5.71686 9.51972 1.59816 4.1173 5.41498 0.492443 3.29152 3.20412 999 1.71234 4.81705 6.33672 7.89917 2.22607 8.54106 7.68323 9.66611 4.34246 7.30134 3.55135 3.26939 4.76828 10.0406 10.5843 5.41909 3.11771 10.7443 3.28283 8.59635 11.4297 5.24638 5.73454 4.86757 4.69256 1.89842 4.20487 1.32382 8.75425 4.86564 5.00265 8.66008 1.55029 5.06495 3.22819 9.36272 3.94244 5.42705 5.73791 7.36663 2.01527 4.38827 2.54568 1.18983 2.36685 6.44891 1.2816 12.0926 2.68812 4.54739 9.25462 4.55397 4.25725 5.23417 5.02702 2.47649 3.85701 7.98244 4.27435 12.4455 10.9141 2.91568 2.2963 4.93129 11.6244 3.78061 4.55782 7.4213 4.76131 7.16838 4.53114 2.8137 4.39056 9.18915 9.59709 0.958593 7.92341 2.77966 1.55862 9.48304 1.38946 1.2516 5.93462 3.69303 12.0653 10.9433 9.87111 3.37433 6.8889 3.05041 9.59932 3.10035 12.1707 7.3565 2.96744 9.95454 5.22611 11.8404 3.47416 5.11024 10.7382 2.69904 3.83158 3.31361 3.75766 6.68007 11.9141 9.0956 2.69268 4.73781 2.14462 8.72963 5.60045 6.70858 3.40931 2.89057 4.11176 5.43615 9.31273 3.81058 12.2772 7.89431 3.04179 11.1445 8.45931 6.90101 5.52768 6.48408 7.0481 3.3829 4.80021 3.80423 5.14402 11.7552 0.724431 8.27619 0.585491 5.38907 6.9567 9.16164 0.890505 2.59434 5.16484 3.11512 3.94443 3.78001 4.36056 4.33853 7.28575 2.6149 5.49229 6.81754 6.55588 3.86063 10.9445 9.87879 4.342 3.14682 4.66889 2.56704 3.84526 1.71965 7.41607 1.24904 4.4359 8.15547 4.72607 3.87848 5.06131 2.40753 2.79115 10.3674 3.63761 6.18263 2.94742
