0 0 0 0 0 0 0 0 0 0 0 0 0 0 0 0 0 0
0 999 2.37306 4.96299 11.0144 10.8071 2.37607 10.1044 0.158114 8.50417 9.06955 6.95101 2.86211 2.96142 3.35054 9.81315 4.65911 15.024
0 2.37306 999 3.16425 9.19971 8.44242 1.08337 7.76052 2.29965 6.56144 7.08922 5.80979 0.771038 4.45055 4.42639 7.57402 4.81877 13.0089
0 4.96299 3.16425 999 6.08905 7.31558 4.17885 5.85703 4.96924 3.54175 4.11122 2.96152 2.39604 5.40937 4.90316 5.13261 3.96548 10.0629
0 11.0144 9.19971 6.08905 999 7.50351 10.132 5.20116 11.0336 2.69483 2.28806 4.76051 8.44967 10.7254 10.0061 3.64664 8.26659 4.27117
0 10.8071 8.44242 7.31558 7.50351 999 8.65238 2.3151 10.7204 6.1202 5.93284 9.06645 8.12087 12.4296 12.0718 3.90786 11.2752 8.49709
0 2.37607 1.08337 4.17885 10.132 8.65238 999 8.24924 2.24715 7.46172 7.96495 6.88838 1.8285 5.00357 5.12767 8.24551 5.7725 13.8279
0 10.1044 7.76052 5.85703 5.20116 2.3151 8.24924 999 10.0476 3.92418 3.66749 7.07346 7.25916 11.2299 10.7579 1.59452 9.68369 6.73763
0 0.158114 2.29965 4.96924 11.0336 10.7204 2.24715 10.0476 999 8.50781 9.07005 7.01402 2.822 3.11849 3.50001 9.78024 4.78114 15.0249
0 8.50417 6.56144 3.54175 2.69483 6.1202 7.46172 3.92418 8.50781 999 0.590339 3.3317 5.82795 8.63058 7.98895 2.4822 6.49284 6.5215
0 9.06955 7.08922 4.11122 2.28806 5.93284 7.96495 3.66749 9.07005 0.590339 999 3.83313 6.36567 9.22035 8.57639 2.13063 7.06329 5.95487
0 6.95101 5.80979 2.96152 4.76051 9.06645 6.88838 7.07346 7.01402 3.3317 3.83313 999 5.0636 6.0604 5.3069 5.77551 3.50964 9.0316
0 2.86211 0.771038 2.39604 8.44967 8.12087 1.8285 7.25916 2.822 5.82795 6.36567 5.0636 999 4.44474 4.28224 6.95975 4.37127 12.3026
0 2.96142 4.45055 5.40937 10.7254 12.4296 5.00357 11.2299 3.11849 8.63058 9.22035 6.0604 4.44474 999 0.798812 10.5292 2.72531 14.966
0 3.35054 4.42639 4.90316 10.0061 12.0718 5.12767 10.7579 3.50001 7.98895 8.57639 5.3069 4.28224 0.798812 999 9.97592 1.92769 14.2599
0 9.81315 7.57402 5.13261 3.64664 3.90786 8.24551 1.59452 9.78024 2.4822 2.13063 5.77551 6.95975 10.5292 9.97592 999 8.69469 5.8436
0 4.65911 4.81877 3.96548 8.26659 11.2752 5.7725 9.68369 4.78114 6.49284 7.06329 3.50964 4.37127 2.72531 1.92769 8.69469 999 12.5374
0 15.024 13.0089 10.0629 4.27117 8.49709 13.8279 6.73763 15.0249 6.5215 5.95487 9.0316 12.3026 14.966 14.2599 5.8436 12.5374 999