0 0 0 0 0 0 0 0 0 0 0 0 0 0 0 0 0 0 0 0 0 0 0 0 0 0 0 0 0 0 0 0 0 0 0 0 0
0 999 0.384804 0.576948 0.323649 0.513172 0.931801 0.244225 0.346159 0.855684 0.566959 0.386512 0.742917 0.223839 0.802243 0.251686 0.334852 0.561201 0.551569 8.70757 9.63449 9.05037 8.86156 9.34216 9.36365 9.3082 8.67623 8.62773 9.43547 9.06454 8.58349 9.31756 9.09299 8.96563 9.10037 9.13889 9.40268
0 0.384804 999 0.60916 0.275426 0.374456 0.550981 0.158722 0.171176 0.500858 0.389382 0.426841 0.571372 0.480382 0.42915 0.426813 0.213397 0.409064 0.173919 8.85912 9.79959 9.2307 9.01019 9.51889 9.53437 9.46334 8.83996 8.79361 9.60123 9.22638 8.75048 9.46614 9.27456 9.12816 9.24455 9.30356 9.55987
0 0.576948 0.60916 999 0.342524 0.955341 0.906542 0.50955 0.732344 1.05497 0.319671 0.915345 1.17263 0.386427 0.954558 0.327416 0.397763 0.997727 0.643845 8.25005 9.19133 8.62464 8.40105 8.91217 8.92677 8.85439 8.23164 8.18551 8.99304 8.61786 8.1425 8.85699 8.66873 8.5197 8.6354 8.6953 8.95101
0 0.323649 0.275426 0.342524 999 0.613166 0.707312 0.169638 0.390053 0.758611 0.243566 0.58955 0.830472 0.272401 0.671238 0.193082 0.0648423 0.655247 0.360407 8.5879 9.52678 8.95644 8.7394 9.24494 9.26096 9.1917 8.56723 8.52064 9.32833 8.95389 8.47739 9.19539 9.00022 8.85558 8.97443 9.03076 9.28797
0 0.513172 0.374456 0.955341 0.613166 999 0.745357 0.446455 0.22313 0.481004 0.763818 0.2033 0.231417 0.712238 0.493739 0.696802 0.56314 0.0480542 0.474453 9.18747 10.1211 9.54353 9.34001 9.83388 9.85277 9.79001 9.16205 9.11453 9.92236 9.54954 9.07079 9.79607 9.58667 9.45094 9.57655 9.62523 9.88551
0 0.931801 0.550981 0.906542 0.707312 0.745357 999 0.690383 0.667445 0.370617 0.587187 0.901911 0.797985 0.975509 0.281414 0.900038 0.652435 0.745406 0.380239 9.00457 9.96262 9.41785 9.15089 9.69996 9.70642 9.61242 9.00348 8.96045 9.76571 9.38602 8.9191 9.6055 9.46346 9.28907 9.378 9.46721 9.71174
0 0.244225 0.158722 0.50955 0.169638 0.446455 0.690383 999 0.224415 0.658216 0.374017 0.423701 0.668512 0.322824 0.587798 0.275614 0.133685 0.489929 0.311235 8.74587 9.68228 9.1087 8.89788 9.39801 9.41531 9.34906 8.72292 8.67591 9.48368 9.10999 8.63243 9.35392 9.1522 9.01153 9.13369 9.18631 9.44496
0 0.346159 0.171176 0.732344 0.390053 0.22313 0.667445 0.224415 999 0.51712 0.552035 0.258103 0.444514 0.513686 0.479456 0.486029 0.340678 0.265652 0.319674 8.96955 9.90513 9.33015 9.12171 9.61984 9.63769 9.57256 8.94586 8.89868 9.70648 9.33306 8.85511 9.57775 9.37352 9.23456 9.3577 9.40918 9.66835
0 0.855684 0.500858 1.05497 0.758611 0.481004 0.370617 0.658216 0.51712 999 0.75729 0.676193 0.455101 0.980918 0.112169 0.926613 0.693801 0.461301 0.411255 9.27149 10.2214 9.66419 9.4201 9.94957 9.96063 9.87786 9.26166 9.21697 10.0237 9.64627 9.17471 9.87552 9.70891 9.54866 9.65067 9.72552 9.97588
0 0.566959 0.389382 0.319671 0.243566 0.763818 0.587187 0.374017 0.552035 0.75729 999 0.789839 0.953554 0.485603 0.65126 0.40018 0.243382 0.797941 0.356058 8.51897 9.46647 8.9073 8.66838 9.19301 9.20477 9.12477 8.50668 8.46162 9.26861 8.89173 8.41918 9.12401 8.95194 8.79396 8.90026 8.97051 9.22237
0 0.386512 0.426841 0.915345 0.58955 0.2033 0.901911 0.423701 0.258103 0.676193 0.789839 999 0.393834 0.6073 0.674153 0.615347 0.556772 0.240287 0.575673 9.09405 10.0209 9.43594 9.24799 9.72798 9.74982 9.69471 9.06266 9.0141 9.82183 9.451 8.96983 9.70399 9.47846 9.35208 9.48668 9.52528 9.78919
0 0.742917 0.571372 1.17263 0.830472 0.231417 0.797985 0.668512 0.444514 0.455101 0.953554 0.393834 999 0.943602 0.517882 0.92642 0.775704 0.183739 0.624665 9.41406 10.3493 9.77311 9.56622 10.0632 10.0815 10.017 9.39005 9.34277 10.1506 9.77734 9.29914 10.0223 9.81635 9.67881 9.80216 9.85334 10.1128
0 0.223839 0.480382 0.386427 0.272401 0.712238 0.975509 0.322824 0.513686 0.980918 0.485603 0.6073 0.943602 999 0.907466 0.0854256 0.323117 0.759876 0.612235 8.48805 9.41696 8.83538 8.64169 9.12654 9.147 9.0892 8.4584 8.41023 9.21802 8.84646 8.36615 9.09772 8.87824 8.74765 8.88 8.92125 9.18396
0 0.802243 0.42915 0.954558 0.671238 0.493739 0.281414 0.587798 0.479456 0.112169 0.65126 0.674153 0.517882 0.907466 999 0.84746 0.606991 0.484602 0.314564 9.16157 10.1123 9.55632 9.31 9.84135 9.85194 9.7681 9.15255 9.10802 9.91465 9.53697 9.06585 9.76536 9.60114 9.43942 9.54029 9.61641 9.86623
0 0.251686 0.426813 0.327416 0.193082 0.696802 0.900038 0.275614 0.486029 0.926613 0.40018 0.615347 0.92642 0.0854256 0.84746 999 0.249149 0.743396 0.544536 8.49218 9.42456 8.84683 8.64511 9.13709 9.15601 9.09428 8.46558 8.41795 9.22578 8.8532 8.37415 9.10117 8.89002 8.75455 8.88234 8.92871 9.18956
0 0.334852 0.213397 0.397763 0.0648423 0.56314 0.652435 0.133685 0.340678 0.693801 0.243382 0.556772 0.775704 0.323117 0.606991 0.249149 999 0.603594 0.29759 8.6467 9.58656 9.01732 8.79795 9.30556 9.32116 9.25074 8.62696 8.58053 9.38817 9.01346 8.53736 9.25392 9.06117 8.91521 9.03261 9.09054 9.34717
0 0.561201 0.409064 0.997727 0.655247 0.0480542 0.745406 0.489929 0.265652 0.461301 0.797941 0.240287 0.183739 0.759876 0.484602 0.743396 0.603594 999 0.496048 9.23312 10.1673 9.59023 9.38554 9.88045 9.89914 9.8358 9.20817 9.16073 9.96855 9.59559 9.11703 9.84159 9.6334 9.49701 9.62189 9.67138 9.93138
0 0.551569 0.173919 0.643845 0.360407 0.474453 0.380239 0.311235 0.319674 0.411255 0.356058 0.575673 0.624665 0.612235 0.314564 0.544536 0.29759 0.496048 999 8.87448 9.82107 9.26 9.02405 9.54626 9.55875 9.48011 8.86127 8.816 9.62312 9.24655 8.77344 9.47972 9.30446 9.14871 9.25612 9.32508 9.57759
0 8.70757 8.85912 8.25005 8.5879 9.18747 9.00457 8.74587 8.96955 9.27149 8.51897 9.09405 9.41406 8.48805 9.16157 8.49218 8.6467 9.23312 8.87448 999 0.999673 0.824142 0.169124 0.923383 0.832445 0.609565 0.30522 0.364706 0.823157 0.447186 0.401725 0.613375 0.874394 0.38334 0.431502 0.552352 0.71315
0 9.63449 9.79959 9.19133 9.52678 10.1211 9.96262 9.68228 9.90513 10.2214 9.46647 10.0209 10.3493 9.41696 10.1123 9.42456 9.58656 10.1673 9.82107 0.999673 999 0.711852 0.894994 0.43189 0.309979 0.428487 0.9598 1.00676 0.199559 0.578431 1.05144 0.554449 0.699763 0.673836 0.781535 0.496032 0.320544
0 9.05037 9.2307 8.62464 8.95644 9.54353 9.41785 9.1087 9.33015 9.66419 8.9073 9.43594 9.77311 8.83538 9.55632 8.84683 9.01732 9.59023 9.26 0.824142 0.711852 999 0.848556 0.30611 0.403939 0.716945 0.57661 0.57062 0.547002 0.490442 0.586359 0.882246 0.0547261 0.479211 0.949387 0.425514 0.709992
0 8.86156 9.01019 8.40105 8.7394 9.34001 9.15089 8.89788 9.12171 9.4201 8.66838 9.24799 9.56622 8.64169 9.31 8.64511 8.79795 9.38554 9.02405 0.169124 0.894994 0.848556 999 0.889972 0.774234 0.4805 0.419253 0.488217 0.735843 0.398604 0.533118 0.45606 0.893645 0.371768 0.262384 0.503053 0.589332
0 9.34216 9.51889 8.91217 9.24494 9.83388 9.69996 9.39801 9.61984 9.94957 9.19301 9.72798 10.0632 9.12654 9.84135 9.13709 9.30556 9.88045 9.54626 0.923383 0.43189 0.30611 0.889972 999 0.166354 0.586881 0.754734 0.774548 0.31439 0.491436 0.805392 0.760865 0.279948 0.540045 0.90352 0.387499 0.535441
0 9.36365 9.53437 8.92677 9.26096 9.85277 9.70642 9.41531 9.63769 9.96063 9.20477 9.74982 10.0815 9.147 9.85194 9.15601 9.32116 9.89914 9.55875 0.832445 0.309979 0.403939 0.774234 0.166354 999 0.425598 0.714994 0.74931 0.152735 0.3857 0.788237 0.598484 0.397048 0.457709 0.756216 0.280098 0.369242
0 9.3082 9.46334 8.85439 9.1917 9.79001 9.61242 9.34906 9.57256 9.87786 9.12477 9.69471 10.017 9.0892 9.7681 9.09428 9.25074 9.8358 9.48011 0.609565 0.428487 0.716945 0.4805 0.586881 0.425598 999 0.66599 0.730053 0.315976 0.298493 0.781269 0.174321 0.73744 0.390572 0.357541 0.302149 0.110222
0 8.67623 8.83996 8.23164 8.56723 9.16205 9.00348 8.72292 8.94586 9.26166 8.50668 9.06266 9.39005 8.4584 9.15255 8.46558 8.62696 9.20817 8.86127 0.30522 0.9598 0.57661 0.419253 0.754734 0.714994 0.66599 999 0.0718541 0.762245 0.390456 0.122464 0.744577 0.630694 0.290487 0.647026 0.463859 0.743086
0 8.62773 8.79361 8.18551 8.52064 9.11453 8.96045 8.67591 8.89868 9.21697 8.46162 9.0141 9.34277 8.41023 9.10802 8.41795 8.58053 9.16073 8.816 0.364706 1.00676 0.57062 0.488217 0.774548 0.74931 0.730053 0.0718541 999 0.807829 0.447016 0.0518419 0.81401 0.625315 0.346999 0.718775 0.511591 0.803192
0 9.43547 9.60123 8.99304 9.32833 9.92236 9.76571 9.48368 9.70648 10.0237 9.26861 9.82183 10.1506 9.21802 9.91465 9.22578 9.38817 9.96855 9.62312 0.823157 0.199559 0.547002 0.735843 0.31439 0.152735 0.315976 0.762245 0.807829 999 0.387418 0.852134 0.479309 0.545367 0.479341 0.668814 0.298594 0.235811
0 9.06454 9.22638 8.61786 8.95389 9.54954 9.38602 9.10999 9.33306 9.64627 8.89173 9.451 9.77734 8.84646 9.53697 8.8532 9.01346 9.59559 9.24655 0.447186 0.578431 0.490442 0.398604 0.491436 0.3857 0.298493 0.390456 0.447016 0.387418 999 0.496389 0.427242 0.526498 0.10018 0.458947 0.106407 0.357892
0 8.58349 8.75048 8.1425 8.47739 9.07079 8.9191 8.63243 8.85511 9.17471 8.41918 8.96983 9.29914 8.36615 9.06585 8.37415 8.53736 9.11703 8.77344 0.401725 1.05144 0.586359 0.533118 0.805392 0.788237 0.781269 0.122464 0.0518419 0.852134 0.496389 999 0.865818 0.641023 0.396649 0.767883 0.557547 0.853286
0 9.31756 9.46614 8.85699 9.19539 9.79607 9.6055 9.35392 9.57775 9.87552 9.12401 9.70399 10.0223 9.09772 9.76536 9.10117 9.25392 9.84159 9.47972 0.613375 0.554449 0.882246 0.45606 0.760865 0.598484 0.174321 0.744577 0.81401 0.479309 0.427242 0.865818 999 0.905858 0.502376 0.247638 0.459032 0.246888
0 9.09299 9.27456 8.66873 9.00022 9.58667 9.46346 9.1522 9.37352 9.70891 8.95194 9.47846 9.81635 8.87824 9.60114 8.89002 9.06117 9.6334 9.30446 0.874394 0.699763 0.0547261 0.893645 0.279948 0.397048 0.73744 0.630694 0.625315 0.545367 0.526498 0.641023 0.905858 999 0.522675 0.984699 0.453993 0.722561
0 8.96563 9.12816 8.5197 8.85558 9.45094 9.28907 9.01153 9.23456 9.54866 8.79396 9.35208 9.67881 8.74765 9.43942 8.75455 8.91521 9.49701 9.14871 0.38334 0.673836 0.479211 0.371768 0.540045 0.457709 0.390572 0.290487 0.346999 0.479341 0.10018 0.396649 0.502376 0.522675 999 0.489876 0.183263 0.456783
0 9.10037 9.24455 8.6354 8.97443 9.57655 9.378 9.13369 9.3577 9.65067 8.90026 9.48668 9.80216 8.88 9.54029 8.88234 9.03261 9.62189 9.25612 0.431502 0.781535 0.949387 0.262384 0.90352 0.756216 0.357541 0.647026 0.718775 0.668814 0.458947 0.767883 0.247638 0.984699 0.489876 999 0.537046 0.461373
0 9.13889 9.30356 8.6953 9.03076 9.62523 9.46721 9.18631 9.40918 9.72552 8.97051 9.52528 9.85334 8.92125 9.61641 8.92871 9.09054 9.67138 9.32508 0.552352 0.496032 0.425514 0.503053 0.387499 0.280098 0.302149 0.463859 0.511591 0.298594 0.106407 0.557547 0.459032 0.453993 0.183263 0.537046 999 0.328197
0 9.40268 9.55987 8.95101 9.28797 9.88551 9.71174 9.44496 9.66835 9.97588 9.22237 9.78919 10.1128 9.18396 9.86623 9.18956 9.34717 9.93138 9.57759 0.71315 0.320544 0.709992 0.589332 0.535441 0.369242 0.110222 0.743086 0.803192 0.235811 0.357892 0.853286 0.246888 0.722561 0.456783 0.461373 0.328197 999