0 0 0 0 0 0 0 0 0 0 0 0 0 0 0 0 0 0 0 0 0 0 0 0 0 0 0 0 0 0 0 0 0 0 0 0 0
0 999 0.23043 0.386368 0.594472 0.437875 0.625748 0.405425 0.588395 0.628245 0.181923 0.280686 0.345864 0.406563 0.291455 0.878521 0.144751 0.616348 0.73215 3.01949 5.13383 10.2877 7.42734 6.56066 4.09398 9.38218 5.6543 10.521 8.8676 8.05199 6.01863 10.6201 9.56296 1.15157 4.94123 6.92544 2.16376
0 0.23043 999 0.305948 0.476263 0.340221 0.443919 0.421753 0.371573 0.421009 0.049803 0.192076 0.158223 0.283268 0.0784955 0.649545 0.192844 0.452654 0.572091 2.84299 5.09574 10.3607 7.2034 6.76312 4.31318 9.47243 5.52705 10.5601 9.03785 8.21456 5.78876 10.7758 9.69203 1.0193 4.71845 7.0685 2.11438
0 0.386368 0.305948 999 0.209957 0.643984 0.695351 0.717984 0.362485 0.360488 0.320569 0.497328 0.444112 0.0709915 0.255592 0.675638 0.454187 0.721304 0.836426 3.05032 5.39791 10.6521 7.27727 6.91709 4.41996 9.75548 5.26856 10.8621 9.2489 8.43588 5.76955 11.0054 9.94835 1.29136 4.64234 7.31181 2.41595
0 0.594472 0.476263 0.209957 999 0.792998 0.783597 0.898009 0.340632 0.299174 0.503847 0.665198 0.583047 0.19606 0.406947 0.606108 0.648284 0.822866 0.927833 3.05295 5.52153 10.837 7.17165 7.12213 4.61577 9.94751 5.06407 11.0305 9.45886 8.64553 5.61491 11.2145 10.1527 1.37737 4.46438 7.51898 2.54179
0 0.437875 0.340221 0.643984 0.792998 999 0.257639 0.203135 0.571485 0.638924 0.341066 0.163714 0.210372 0.611544 0.391897 0.728503 0.294395 0.21702 0.314112 2.59214 4.75553 10.0601 7.08167 6.65635 4.27264 9.18598 5.7884 10.2386 8.85474 8.0185 5.77306 10.5667 9.44616 0.713698 4.77054 6.84329 1.77422
0 0.625748 0.443919 0.695351 0.783597 0.257639 999 0.457593 0.47949 0.546882 0.472277 0.355845 0.288735 0.641081 0.452205 0.527394 0.499158 0.0628951 0.144279 2.40092 4.74128 10.1655 6.83289 6.89624 4.52696 9.31101 5.64902 10.306 9.06307 8.22008 5.51605 10.7593 9.61225 0.597779 4.52308 7.02696 1.76591
0 0.405425 0.421753 0.717984 0.898009 0.203135 0.457593 999 0.733616 0.797206 0.397882 0.238237 0.354717 0.704131 0.49391 0.923608 0.275637 0.410029 0.486709 2.71734 4.72855 9.93903 7.26105 6.45537 4.07005 9.05157 5.93952 10.1446 8.66806 7.83567 5.97342 10.3887 9.28449 0.814429 4.97354 6.67133 1.75908
0 0.588395 0.371573 0.362485 0.340632 0.571485 0.47949 0.733616 999 0.0690509 0.42016 0.501432 0.378918 0.291547 0.29881 0.31613 0.560843 0.53 0.6195 2.71692 5.2158 10.6231 6.91843 7.13423 4.68172 9.75517 5.21692 10.7801 9.39428 8.56585 5.44364 11.1214 10.0148 1.05555 4.35295 7.4049 2.24412
0 0.628245 0.421009 0.360488 0.299174 0.638924 0.546882 0.797206 0.0690509 999 0.467985 0.562816 0.44307 0.291736 0.344848 0.319278 0.612971 0.598265 0.685793 2.75383 5.28018 10.6921 6.91731 7.18313 4.72174 9.82353 5.14976 10.8489 9.45304 8.62615 5.42081 11.1832 10.0802 1.11785 4.31747 7.46834 2.31018
0 0.181923 0.049803 0.320569 0.503847 0.341066 0.472277 0.397882 0.42016 0.467985 999 0.182154 0.183546 0.30821 0.123241 0.699228 0.150237 0.4752 0.594527 2.87317 5.09305 10.3354 7.2484 6.71536 4.26364 9.44372 5.56185 10.5416 8.99487 8.17281 5.83814 10.7353 9.65612 1.03599 4.76816 7.03002 2.11299
0 0.280686 0.192076 0.497328 0.665198 0.163714 0.355845 0.238237 0.501432 0.562816 0.182154 999 0.129323 0.474515 0.25851 0.722772 0.144195 0.338632 0.452387 2.73962 4.91093 10.1728 7.18396 6.65389 4.23633 9.28835 5.70135 10.3683 8.89347 8.06443 5.82956 10.6204 9.52185 0.873952 4.79505 6.90608 1.9311
0 0.345864 0.158223 0.444112 0.583047 0.210372 0.288735 0.354717 0.378918 0.44307 0.183546 0.129323 999 0.405293 0.188532 0.594165 0.240657 0.294473 0.413944 2.68963 4.95457 10.268 7.08563 6.78319 4.36257 9.39044 5.59024 10.4489 9.01942 8.1889 5.70981 10.7431 9.63727 0.861736 4.66798 7.02599 1.97255
0 0.406563 0.283268 0.0709915 0.19606 0.611544 0.641081 0.704131 0.291547 0.291736 0.30821 0.474515 0.405293 999 0.219799 0.605238 0.452286 0.670999 0.783791 2.98359 5.35871 10.643 7.20735 6.95665 4.46835 9.7519 5.25896 10.8428 9.27415 8.45794 5.70648 11.0249 9.95792 1.23865 4.58634 7.32632 2.37683
0 0.291455 0.0784955 0.255592 0.406947 0.391897 0.452205 0.49391 0.29881 0.344848 0.123241 0.25851 0.188532 0.219799 999 0.588998 0.27103 0.471362 0.588934 2.83893 5.14285 10.4312 7.16282 6.83834 4.38309 9.54548 5.4505 10.6246 9.11625 8.29305 5.72948 10.8543 9.7692 1.04222 4.65036 7.14656 2.16082
0 0.878521 0.649545 0.675638 0.606108 0.728503 0.527394 0.923608 0.31613 0.319278 0.699228 0.722772 0.594165 0.605238 0.588998 999 0.820553 0.590233 0.626413 2.4658 5.12859 10.6672 6.6026 7.37481 4.95415 9.82457 5.13347 10.7771 9.58097 8.74165 5.14053 11.2843 10.1392 0.97802 4.07564 7.5537 2.19181
0 0.144751 0.192844 0.454187 0.648284 0.294395 0.499158 0.275637 0.560843 0.612971 0.150237 0.144195 0.240657 0.452286 0.27103 0.820553 999 0.482731 0.595558 2.88207 5.00066 10.198 7.32221 6.5737 4.13402 9.30191 5.71 10.4151 8.84531 8.02274 5.94839 10.585 9.50743 1.00783 4.89582 6.88011 2.02673
0 0.616348 0.452654 0.721304 0.822866 0.21702 0.0628951 0.410029 0.53 0.598265 0.4752 0.338632 0.294473 0.670999 0.471362 0.590233 0.482731 999 0.119499 2.40361 4.69895 10.1068 6.86498 6.83848 4.47575 9.25059 5.71003 10.2516 9.00089 8.15756 5.56432 10.6965 9.5496 0.570906 4.57891 6.96406 1.72081
0 0.73215 0.572091 0.836426 0.927833 0.314112 0.144279 0.486709 0.6195 0.685793 0.594527 0.452387 0.413944 0.783791 0.588934 0.626413 0.595558 0.119499 999 2.28738 4.59819 10.0458 6.77496 6.8674 4.52912 9.19871 5.75943 10.1752 8.9992 8.15094 5.50594 10.6829 9.51939 0.455024 4.54472 6.9454 1.62462
0 3.01949 2.84299 3.05032 3.05295 2.59214 2.40092 2.71734 2.71692 2.75383 2.87317 2.73962 2.68963 2.98359 2.83893 2.4658 2.88207 2.40361 2.28738 999 3.45624 9.64274 4.86689 8.20166 6.27135 9.02016 6.59688 9.41159 9.7835 8.8764 4.30582 11.2156 9.76969 1.9052 3.94899 7.50917 1.79836
0 5.13383 5.09574 5.39791 5.52153 4.75553 4.74128 4.72855 5.2158 5.28018 5.09305 4.91093 4.95457 5.35871 5.14285 5.12859 5.00066 4.69895 4.59819 3.45624 999 6.28491 7.08939 6.95259 6.1242 5.81116 9.95865 5.95716 7.52559 6.62282 7.42849 8.56005 6.89264 4.16531 7.35044 5.20819 2.98203
0 10.2877 10.3607 10.6521 10.837 10.0601 10.1655 9.93903 10.6231 10.6921 10.3354 10.1728 10.268 10.643 10.4312 10.6672 10.198 10.1068 10.0458 9.64274 6.28491 999 13.1481 7.09632 8.52627 1.19403 15.7886 1.60112 5.03025 4.72271 13.7117 4.39174 2.79202 9.722 13.588 4.43825 8.56058
0 7.42734 7.2034 7.27727 7.17165 7.08167 6.83289 7.26105 6.91843 6.91731 7.2484 7.18396 7.08563 7.20735 7.16282 6.6026 7.32221 6.86498 6.77496 4.86689 7.08939 13.1481 999 13.0443 11.1163 12.8445 7.5446 12.4178 14.3849 13.4678 2.45782 15.6065 13.978 6.54049 3.83423 12.0552 6.661
0 6.56066 6.76312 6.91709 7.12213 6.65635 6.89624 6.45537 7.13423 7.18313 6.71536 6.65389 6.78319 6.95665 6.83834 7.37481 6.5737 6.83848 6.8674 8.20166 6.95259 7.09632 13.0443 999 2.64426 5.90241 11.8917 8.27489 2.95134 2.58507 12.2795 4.90163 4.81601 6.87154 11.4113 2.75378 6.4057
0 4.09398 4.31318 4.41996 4.61577 4.27264 4.52696 4.07005 4.68172 4.72174 4.26364 4.23633 4.36257 4.46835 4.38309 4.95415 4.13402 4.47575 4.52912 6.27135 6.1242 8.52627 11.1163 2.64426 999 7.38389 9.25662 9.35678 5.41081 4.79413 10.0342 7.3387 6.82279 4.64004 9.02978 4.20259 4.52651
0 9.38218 9.47243 9.75548 9.94751 9.18598 9.31101 9.05157 9.75517 9.82353 9.44372 9.28835 9.39044 9.7519 9.54548 9.82457 9.30191 9.25059 9.19871 9.02016 5.81116 1.19403 12.8445 5.90241 7.38389 999 14.958 2.56322 3.93935 3.55732 13.2032 3.62349 1.8384 8.90516 12.9646 3.25509 7.78576
0 5.6543 5.52705 5.26856 5.06407 5.7884 5.64902 5.93952 5.21692 5.14976 5.56185 5.70135 5.59024 5.25896 5.4505 5.13347 5.71 5.71003 5.75943 6.59688 9.95865 15.7886 7.5446 11.8917 9.25662 14.958 999 15.8169 14.438 13.6578 5.09012 16.2424 15.2167 6.06671 3.77318 12.5751 7.24039
0 10.521 10.5601 10.8621 11.0305 10.2386 10.306 10.1446 10.7801 10.8489 10.5416 10.3683 10.4489 10.8428 10.6246 10.7771 10.4151 10.2516 10.1752 9.41159 5.95716 1.60112 12.4178 8.27489 9.35678 2.56322 15.8169 999 6.50257 6.08266 13.248 5.99021 4.33896 9.80435 13.2944 5.53014 8.59926
0 8.8676 9.03785 9.2489 9.45886 8.85474 9.06307 8.66806 9.39428 9.45304 8.99487 8.89347 9.01942 9.27415 9.11625 9.58097 8.84531 9.00089 8.9992 9.7835 7.52559 5.03025 14.3849 2.95134 5.41081 3.93935 14.438 6.50257 999 0.917061 14.0664 1.95233 2.29513 8.88228 13.4215 2.336 8.09944
0 8.05199 8.21456 8.43588 8.64553 8.0185 8.22008 7.83567 8.56585 8.62615 8.17281 8.06443 8.1889 8.45794 8.29305 8.74165 8.02274 8.15756 8.15094 8.8764 6.62282 4.72271 13.4678 2.58507 4.79413 3.55732 13.6578 6.08266 0.917061 999 13.1649 2.59341 2.23826 8.01721 12.5413 1.42172 7.20536
0 6.01863 5.78876 5.76955 5.61491 5.77306 5.51605 5.97342 5.44364 5.42081 5.83814 5.82956 5.70981 5.70648 5.72948 5.14053 5.94839 5.56432 5.50594 4.30582 7.42849 13.7117 2.45782 12.2795 10.0342 13.2032 5.09012 13.248 14.0664 13.1649 999 15.5214 14.0569 5.42303 1.47221 11.8098 5.97746
0 10.6201 10.7758 11.0054 11.2145 10.5667 10.7593 10.3887 11.1214 11.1832 10.7353 10.6204 10.7431 11.0249 10.8543 11.2843 10.585 10.6965 10.6829 11.2156 8.56005 4.39174 15.6065 4.90163 7.3387 3.62349 16.2424 5.99021 1.95233 2.59341 15.5214 999 1.83848 10.5204 14.9914 3.75341 9.62938
0 9.56296 9.69203 9.94835 10.1527 9.44616 9.61225 9.28449 10.0148 10.0802 9.65612 9.52185 9.63727 9.95792 9.7692 10.1392 9.50743 9.5496 9.51939 9.76969 6.89264 2.79202 13.978 4.81601 6.82279 1.8384 15.2167 4.33896 2.29513 2.23826 14.0569 1.83848 999 9.29906 13.6401 2.70224 8.30114
0 1.15157 1.0193 1.29136 1.37737 0.713698 0.597779 0.814429 1.05555 1.11785 1.03599 0.873952 0.861736 1.23865 1.04222 0.97802 1.00783 0.570906 0.455024 1.9052 4.16531 9.722 6.54049 6.87154 4.64004 8.90516 6.06671 9.80435 8.88228 8.01721 5.42303 10.5204 9.29906 999 4.56715 6.77036 1.2138
0 4.94123 4.71845 4.64234 4.46438 4.77054 4.52308 4.97354 4.35295 4.31747 4.76816 4.79505 4.66798 4.58634 4.65036 4.07564 4.89582 4.57891 4.54472 3.94899 7.35044 13.588 3.83423 11.4113 9.02978 12.9646 3.77318 13.2944 13.4215 12.5413 1.47221 14.9914 13.6401 4.56715 999 11.242 5.36278
0 6.92544 7.0685 7.31181 7.51898 6.84329 7.02696 6.67133 7.4049 7.46834 7.03002 6.90608 7.02599 7.32632 7.14656 7.5537 6.88011 6.96406 6.9454 7.50917 5.20819 4.43825 12.0552 2.75378 4.20259 3.25509 12.5751 5.53014 2.336 1.42172 11.8098 3.75341 2.70224 6.77036 11.242 999 5.883
0 2.16376 2.11438 2.41595 2.54179 1.77422 1.76591 1.75908 2.24412 2.31018 2.11299 1.9311 1.97255 2.37683 2.16082 2.19181 2.02673 1.72081 1.62462 1.79836 2.98203 8.56058 6.661 6.4057 4.52651 7.78576 7.24039 8.59926 8.09944 7.20536 5.97746 9.62938 8.30114 1.2138 5.36278 5.883 999