0 0 0 0 0 0 0 0 0 0 0 0 0 0 0 0 0 0 0 0 0 0 0 0 0 0 0 0 0 0 0 0 0 0 0 0 0
0 999 10.5658 13.9441 2.94496 5.81977 0.88459 4.63324 2.51247 4.98921 7.37024 6.88269 11.0095 5.41554 3.00202 11.7807 9.19244 5.58753 13.5547 3.93917 3.79831 3.92907 4.66684 4.7795 4.01771 3.91062 4.4367 3.80996 3.90772 4.31206 4.63487 4.54952 4.39421 3.89326 4.29337 4.06803 4.6003
0 10.5658 999 3.96215 7.70866 5.07252 10.1469 6.05816 10.587 9.29983 4.15987 5.11124 6.09892 9.54627 10.0002 3.76205 1.99489 6.26528 3.57841 6.87264 6.88646 6.66215 6.24747 5.86409 6.73104 6.84958 6.2114 6.88333 6.8611 6.36123 6.07159 6.19619 6.33215 6.75734 6.37679 6.54103 6.04559
0 13.9441 3.96215 999 11.0018 8.14119 13.6578 9.31099 13.4644 11.5515 8.11483 9.06912 9.45673 11.6556 12.773 2.89088 4.75935 10.1794 4.60548 10.5468 10.4973 10.1986 9.9938 9.49391 10.3848 10.5026 9.82838 10.4995 10.5175 9.99003 9.73642 9.87643 9.99501 10.3508 10.0026 10.1057 9.66863
0 2.94496 7.70866 11.0018 999 2.87606 2.7938 1.6926 3.21622 3.81694 5.01343 4.81824 9.15341 4.29796 2.93212 8.86036 6.25564 3.86079 10.8653 1.93324 1.60647 1.41139 2.52212 2.23591 1.86739 1.82687 1.96477 1.63302 1.84116 1.92104 2.22486 2.22058 2.07706 1.57851 1.90094 1.58099 2.0915
0 5.81977 5.07252 8.14119 2.87606 999 5.62069 1.21828 5.51757 4.50809 3.77489 4.16434 8.11473 4.85732 4.93082 6.00903 3.42539 4.07276 8.47835 3.06935 2.84896 2.42531 2.93027 2.16892 2.87893 2.96997 2.34997 2.86472 2.99182 2.50294 2.44486 2.59326 2.61552 2.68459 2.50327 2.41509 2.25883
0 0.88459 10.1469 13.6578 2.7938 5.62069 999 4.40459 3.26451 5.50052 6.74166 6.18505 10.228 5.95303 3.64027 11.6285 8.89924 4.85015 13.0059 3.35156 3.27384 3.48953 4.06193 4.29081 3.46043 3.34569 3.94263 3.28017 3.33859 3.80036 4.10845 4.00315 3.85436 3.39381 3.78345 3.60607 4.10886
0 4.63324 6.05816 9.31099 1.6926 1.21828 4.40459 999 4.60489 4.20044 3.894 3.99906 8.23673 4.62456 4.11951 7.22704 4.56304 3.50617 9.31621 2.06391 1.78044 1.33205 2.16405 1.45858 1.88272 1.94822 1.47076 1.80166 1.9711 1.58188 1.66615 1.78018 1.73805 1.62436 1.57417 1.37666 1.4548
0 2.51247 10.587 13.4644 3.21622 5.51757 3.26451 4.60489 999 2.82115 8.2286 8.0104 12.3342 3.15981 0.778332 10.9707 8.8907 6.94241 13.9181 5.02308 4.74029 4.62013 5.68925 5.45131 5.00534 4.93833 5.1781 4.76361 4.94724 5.12339 5.43553 5.41963 5.27004 4.74995 5.10302 4.78964 5.30757
0 4.98921 9.29983 11.5515 3.81694 4.50809 5.50052 4.20044 2.82115 999 8.07508 8.1886 12.4326 0.483839 2.08483 8.83883 7.38268 7.51208 12.8374 5.67191 5.32634 4.99046 6.11524 5.55981 5.56145 5.55334 5.43225 5.35432 5.57169 5.46579 5.68553 5.74698 5.6409 5.24725 5.44924 5.13658 5.49096
0 7.37024 4.15987 8.11483 5.01343 3.77489 6.74166 3.894 8.2286 8.07508 999 0.956922 4.36702 8.47992 7.87853 7.21956 4.09923 2.1855 6.33698 3.43269 3.61202 3.62595 2.70391 2.77753 3.37011 3.47011 3.06536 3.5955 3.47072 3.14499 2.81951 2.86715 3.02437 3.55283 3.16533 3.45912 2.92619
0 6.88269 5.11124 9.06912 4.81824 4.16434 6.18505 3.99906 8.0104 8.1886 0.956922 999 4.33627 8.62091 7.74473 8.14289 5.00388 1.39058 7.10663 3.02643 3.27737 3.40803 2.32549 2.65891 3.01501 3.09392 2.86658 3.25556 3.08843 2.89725 2.60239 2.59768 2.74328 3.26045 2.91732 3.23898 2.76374
0 11.0095 6.09892 9.45673 9.15341 8.11473 10.228 8.23673 12.3342 12.4326 4.36702 4.33627 999 12.8434 12.081 9.85784 7.30493 5.45081 5.55656 7.31913 7.59394 7.74404 6.64572 6.98095 7.32901 7.39853 7.20206 7.57073 7.3906 7.23289 6.93812 6.933 7.07686 7.58828 7.25289 7.57511 7.09507
0 5.41554 9.54627 11.6556 4.29796 4.85732 5.95303 4.62456 3.15981 0.483839 8.47992 8.62091 12.8434 999 2.46077 8.89893 7.60377 7.97226 13.1015 6.14384 5.79781 5.4553 6.57486 6.0049 6.03041 6.02463 5.88743 5.82581 6.04324 5.92549 6.1384 6.20379 6.10079 5.71574 5.90927 5.59911 5.94145
0 3.00202 10.0002 12.773 2.93212 4.93082 3.64027 4.11951 0.778332 2.08483 7.87853 7.74473 12.081 2.46077 999 10.2411 8.25257 6.77268 13.3876 4.83662 4.52588 4.33743 5.45374 5.12123 4.79015 4.739 4.88038 4.55138 4.75107 4.84901 5.14375 5.14917 5.00797 4.50909 4.82912 4.50608 4.99394
0 11.7807 3.76205 2.89088 8.86036 6.00903 11.6285 7.22704 10.9707 8.83883 7.21956 8.14289 9.85784 8.89893 10.2411 999 3.15484 8.95914 6.32408 8.8264 8.69692 8.32744 8.40982 7.775 8.64505 8.75589 8.07246 8.70565 8.77449 8.23946 8.04793 8.20065 8.28862 8.53685 8.2476 8.27128 7.93004
0 9.19244 1.99489 4.75935 6.25564 3.42539 8.89924 4.56304 8.8907 7.38268 4.09923 5.00388 7.30493 7.60377 8.25257 3.15484 999 5.81124 5.57008 5.84807 5.77001 5.45204 5.35625 4.78747 5.67738 5.7934 5.11101 5.77423 5.80977 5.27576 5.04466 5.19149 5.29783 5.61868 5.28688 5.36678 4.9562
0 5.58753 6.26528 10.1794 3.86079 4.07276 4.85015 3.50617 6.94241 7.51208 2.1855 1.39058 5.45081 7.97226 6.77268 8.95914 5.81124 999 8.48121 1.93606 2.25432 2.52803 1.39745 2.04823 1.99479 2.03577 2.09317 2.22782 2.02279 2.04677 1.8563 1.77315 1.87149 2.2959 2.06306 2.37674 2.06432
0 13.5547 3.57841 4.60548 10.8653 8.47835 13.0059 9.31621 13.9181 12.8374 6.33698 7.10663 5.55656 13.1015 13.3876 6.32408 5.57008 8.48121 999 9.65463 9.76003 9.64098 8.94726 8.77869 9.55315 9.66542 9.11904 9.74982 9.6712 9.2429 8.92148 9.01364 9.16675 9.6615 9.2615 9.49399 8.95643
0 3.93917 6.87264 10.5468 1.93324 3.06935 3.35156 2.06391 5.02308 5.67191 3.43269 3.02643 7.31913 6.14384 4.83662 8.8264 5.84807 1.93606 9.65463 999 0.346652 0.758961 0.729092 1.06085 0.19048 0.123757 0.75552 0.318688 0.102538 0.589054 0.810774 0.677022 0.551952 0.459681 0.58293 0.687252 0.89731
0 3.79831 6.88646 10.4973 1.60647 2.84896 3.27384 1.78044 4.74029 5.32634 3.61202 3.27737 7.59394 5.79781 4.52588 8.69692 5.77001 2.25432 9.76003 0.346652 999 0.449173 0.951878 1.02241 0.265523 0.227121 0.676051 0.0279998 0.245432 0.526799 0.839112 0.753064 0.596547 0.164559 0.510381 0.435247 0.841202
0 3.92907 6.66215 10.1986 1.41139 2.42531 3.48953 1.33205 4.62013 4.99046 3.62595 3.40803 7.74404 5.4553 4.33743 8.32744 5.45204 2.52803 9.64098 0.758961 0.449173 999 1.14175 0.871388 0.600316 0.636613 0.560799 0.471517 0.659131 0.511794 0.815401 0.812021 0.675913 0.300645 0.492076 0.169706 0.704802
0 4.66684 6.24747 9.9938 2.52212 2.93027 4.06193 2.16405 5.68925 6.11524 2.70391 2.32549 6.64572 6.57486 5.45374 8.40982 5.35625 1.39745 8.94726 0.729092 0.951878 1.14175 999 0.763252 0.690338 0.776543 0.705749 0.930173 0.774121 0.649468 0.503642 0.386148 0.474366 0.9452 0.666046 0.984113 0.712651
0 4.7795 5.86409 9.49391 2.23591 2.16892 4.29081 1.45858 5.45131 5.55981 2.77753 2.65891 6.98095 6.0049 5.12123 7.775 4.78747 2.04823 8.77869 1.06085 1.02241 0.871388 0.763252 999 0.891536 1.00892 0.348193 1.01984 1.02425 0.499312 0.283792 0.438737 0.51402 0.897268 0.513809 0.716629 0.181958
0 4.01771 6.73104 10.3848 1.86739 2.87893 3.46043 1.88272 5.00534 5.56145 3.37011 3.01501 7.32901 6.03041 4.79015 8.64505 5.67738 1.99479 9.55315 0.19048 0.265523 0.600316 0.690338 0.891536 999 0.11874 0.572638 0.241733 0.13273 0.405656 0.659459 0.542951 0.399054 0.315194 0.397639 0.508371 0.721435
0 3.91062 6.84958 10.5026 1.82687 2.96997 3.34569 1.94822 4.93833 5.55334 3.47011 3.09392 7.39853 6.02463 4.739 8.75589 5.7934 2.03577 9.66542 0.123757 0.227121 0.636613 0.776543 1.00892 0.11874 999 0.685147 0.19919 0.0228854 0.518711 0.778062 0.659248 0.517453 0.336605 0.509125 0.572654 0.837206
0 4.4367 6.2114 9.82838 1.96477 2.34997 3.94263 1.47076 5.1781 5.43225 3.06536 2.86658 7.20206 5.88743 4.88038 8.07246 5.11101 2.09317 9.11904 0.75552 0.676051 0.560799 0.705749 0.348193 0.572638 0.685147 999 0.674879 0.702936 0.166996 0.26448 0.320947 0.272645 0.549301 0.176171 0.39401 0.166236
0 3.80996 6.88333 10.4995 1.63302 2.86472 3.28017 1.80166 4.76361 5.35432 3.5955 3.25556 7.57073 5.82581 4.55138 8.70565 5.77423 2.22782 9.74982 0.318688 0.0279998 0.471517 0.930173 1.01984 0.241733 0.19919 0.674879 999 0.217433 0.522286 0.830196 0.739978 0.584242 0.180718 0.506546 0.449829 0.839213
0 3.90772 6.8611 10.5175 1.84116 2.99182 3.33859 1.9711 4.94724 5.57169 3.47072 3.08843 7.3906 6.04324 4.75107 8.77449 5.80977 2.02279 9.6712 0.102538 0.245432 0.659131 0.774121 1.02425 0.13273 0.0228854 0.702936 0.217433 999 0.53622 0.790056 0.668479 0.529137 0.358951 0.527136 0.595472 0.853634
0 4.31206 6.36123 9.99003 1.92104 2.50294 3.80036 1.58188 5.12339 5.46579 3.14499 2.89725 7.23289 5.92549 4.84901 8.23946 5.27576 2.04677 9.2429 0.589054 0.526799 0.511794 0.649468 0.499312 0.405656 0.518711 0.166996 0.522286 0.53622 999 0.328176 0.300231 0.17536 0.419561 0.0204664 0.344699 0.321431
0 4.63487 6.07159 9.73642 2.22486 2.44486 4.10845 1.66615 5.43553 5.68553 2.81951 2.60239 6.93812 6.1384 5.14375 8.04793 5.04466 1.8563 8.92148 0.810774 0.839112 0.815401 0.503642 0.283792 0.659459 0.778062 0.26448 0.830196 0.790056 0.328176 999 0.155326 0.260991 0.746167 0.348129 0.645956 0.211352
0 4.54952 6.19619 9.87643 2.22058 2.59326 4.00315 1.78018 5.41963 5.74698 2.86715 2.59768 6.933 6.20379 5.14917 8.20065 5.19149 1.77315 9.01364 0.677022 0.753064 0.812021 0.386148 0.438737 0.542951 0.659248 0.320947 0.739978 0.668479 0.300231 0.155326 999 0.15753 0.686203 0.32005 0.644465 0.339631
0 4.39421 6.33215 9.99501 2.07706 2.61552 3.85436 1.73805 5.27004 5.6409 3.02437 2.74328 7.07686 6.10079 5.00797 8.28862 5.29783 1.87149 9.16675 0.551952 0.596547 0.675913 0.474366 0.51402 0.399054 0.517453 0.272645 0.584242 0.529137 0.17536 0.260991 0.15753 999 0.529878 0.191682 0.513143 0.366928
0 3.89326 6.75734 10.3508 1.57851 2.68459 3.39381 1.62436 4.74995 5.24725 3.55283 3.26045 7.58828 5.71574 4.50909 8.53685 5.61868 2.2959 9.6615 0.459681 0.164559 0.300645 0.9452 0.897268 0.315194 0.336605 0.549301 0.180718 0.358951 0.419561 0.746167 0.686203 0.529878 999 0.400485 0.270782 0.715409
0 4.29337 6.37679 10.0026 1.90094 2.50327 3.78345 1.57417 5.10302 5.44924 3.16533 2.91732 7.25289 5.90927 4.82912 8.2476 5.28688 2.06306 9.2615 0.58293 0.510381 0.492076 0.666046 0.513809 0.397639 0.509125 0.176171 0.506546 0.527136 0.0204664 0.348129 0.32005 0.191682 0.400485 999 0.325452 0.334635
0 4.06803 6.54103 10.1057 1.58099 2.41509 3.60607 1.37666 4.78964 5.13658 3.45912 3.23898 7.57511 5.59911 4.50608 8.27128 5.36678 2.37674 9.49399 0.687252 0.435247 0.169706 0.984113 0.716629 0.508371 0.572654 0.39401 0.449829 0.595472 0.344699 0.645956 0.644465 0.513143 0.270782 0.325452 999 0.544192
0 4.6003 6.04559 9.66863 2.0915 2.25883 4.10886 1.4548 5.30757 5.49096 2.92619 2.76374 7.09507 5.94145 4.99394 7.93004 4.9562 2.06432 8.95643 0.89731 0.841202 0.704802 0.712651 0.181958 0.721435 0.837206 0.166236 0.839213 0.853634 0.321431 0.211352 0.339631 0.366928 0.715409 0.334635 0.544192 999