0 0 0 0 0 0 0 0 0 0 0 0 0 0 0 0 0 0 0 0 0 0 0 0 0 0 0 0 0 0
0 999 4.89972 13.3622 9.84221 11.1496 2.30202 5.02054 5.34238 4.87625 13.1985 5.97566 15.8476 12.6041 4.32558 3.87159 3.3779 3.3883 3.28879 3.23187 3.91203 4.0406 3.33048 3.43986 3.70085 3.15459 3.30388 3.55881 3.94011 3.82957
0 4.89972 999 9.59985 5.00049 6.75962 4.6359 2.69223 2.25737 6.60001 8.38001 5.82306 11.2934 8.49009 1.12805 4.90171 5.03396 4.43813 4.30125 4.75876 4.9919 4.66511 5.18421 4.20226 4.80304 5.08816 4.64837 5.11948 4.65383 4.81686
0 13.3622 9.59985 999 6.2879 3.45249 11.6123 12.0384 8.0965 11.082 5.57621 8.82227 4.4201 1.61409 10.7239 14.4997 14.5955 14.0198 13.8776 14.3159 14.59 14.264 14.7326 13.7915 14.3965 14.6188 14.2171 14.695 14.2537 14.4147
0 9.84221 5.00049 6.2879 999 2.83556 9.05108 6.62688 5.08035 10.0881 3.38053 8.33766 6.53391 4.74774 5.89705 9.46651 9.75065 9.12287 9.0105 9.49664 9.55143 9.15349 9.92318 8.86713 9.414 9.86175 9.36327 9.79486 9.17672 9.38848
0 11.1496 6.75962 3.45249 2.83556 999 9.81774 8.93698 5.84493 10.0946 3.22149 7.9889 4.72004 1.93499 7.83441 11.5984 11.7814 11.1734 11.0425 11.5094 11.6874 11.3247 11.9368 10.9291 11.5167 11.8455 11.3933 11.8569 11.3293 11.5154
0 2.30202 4.6359 11.6123 9.05108 9.81774 999 5.91545 4.04605 2.72244 12.2653 3.69329 14.5312 11.0484 4.60245 5.76337 5.382 5.2041 5.07014 5.17443 5.82415 5.83232 5.38266 5.16558 5.58912 5.20476 5.20137 5.5609 5.74444 5.70225
0 5.02054 2.69223 12.0384 6.62688 8.93698 5.91545 999 4.90918 8.41114 9.87605 8.15297 13.1584 10.7908 1.71406 2.90976 3.30841 2.69515 2.62555 3.10075 2.98793 2.56872 3.49554 2.44274 2.89218 3.48491 2.94961 3.30659 2.60851 2.83972
0 5.34238 2.25737 8.0965 5.08035 5.84493 4.04605 4.90918 999 5.1207 8.22525 3.81241 10.5632 7.26395 3.22273 6.69265 6.6719 6.15368 6.00202 6.3916 6.78128 6.52844 6.78619 5.95641 6.56177 6.65293 6.31576 6.79612 6.49336 6.60786
0 4.87625 6.60001 11.082 10.0881 10.0946 2.72244 8.41114 5.1207 999 12.9693 2.26002 14.6324 10.898 6.90325 8.48576 8.09678 7.92611 7.79137 7.89406 8.54624 8.55202 8.09047 7.88349 8.31147 7.91211 7.92317 8.27653 8.46504 8.42469
0 13.1985 8.38001 5.57621 3.38053 3.22149 12.2653 9.87605 8.22525 12.9693 999 10.9851 3.62215 4.06421 9.26801 12.7611 13.0772 12.4479 12.3417 12.8299 12.8437 12.435 13.2536 12.1906 12.7199 13.2004 12.6926 13.1116 12.4657 12.6857
0 5.97566 5.82306 8.82227 8.33766 7.9889 3.69329 8.15297 3.81241 2.26002 10.9851 999 12.4376 8.67459 6.47111 8.98978 8.73045 8.40699 8.25673 8.48409 9.06505 8.96314 8.77253 8.29724 8.82415 8.60186 8.472 8.89774 8.89347 8.91565
0 15.8476 11.2934 4.4201 6.53391 4.72004 14.5312 13.1584 10.5632 14.6324 3.62215 12.4376 999 3.81316 12.3034 15.9733 16.2253 15.6023 15.4824 15.9633 16.0595 15.6692 16.3919 15.3496 15.9121 16.318 15.8361 16.2811 15.688 15.8936
0 12.6041 8.49009 1.61409 4.74774 1.93499 11.0484 10.7908 7.26395 10.898 4.06421 8.67459 3.81316 999 9.59443 13.3774 13.5233 12.9276 12.7913 13.2471 13.4672 13.119 13.6711 12.6896 13.2863 13.5695 13.1383 13.6094 13.1174 13.2933
0 4.32558 1.12805 10.7239 5.89705 7.83441 4.60245 1.71406 3.22273 6.90325 9.26801 6.47111 12.3034 9.59443 999 3.78458 3.94771 3.33953 3.20807 3.67735 3.87457 3.54005 4.10563 3.09738 3.69195 4.02134 3.55922 4.02293 3.53123 3.70017
0 3.87159 4.90171 14.4997 9.46651 11.5984 5.76337 2.90976 6.69265 8.48576 12.7611 8.98978 15.9733 13.3774 3.78458 999 0.604024 0.582929 0.73477 0.645138 0.0902915 0.367615 0.765387 0.73762 0.174698 0.870773 0.57145 0.487769 0.303366 0.0854468
0 3.3779 5.03396 14.5955 9.75065 11.7814 5.382 3.30841 6.6719 8.09678 13.0772 8.73045 16.2253 13.5233 3.94771 0.604024 999 0.629423 0.742979 0.281028 0.600532 0.93516 0.189211 0.887101 0.494703 0.26771 0.389481 0.181616 0.841813 0.613735
0 3.3883 4.43813 14.0198 9.12287 11.1734 5.2041 2.69515 6.15368 7.92611 12.4479 8.40699 15.6023 12.9276 3.33953 0.582929 0.629423 999 0.154644 0.407004 0.660874 0.652886 0.809398 0.257949 0.422384 0.790598 0.254483 0.6835 0.554293 0.509464
0 3.28879 4.30125 13.8776 9.0105 11.0425 5.07014 2.62555 6.00202 7.79137 12.3417 8.25673 15.4824 12.7913 3.20807 0.73477 0.742979 0.154644 999 0.48888 0.814275 0.767914 0.91273 0.199154 0.576706 0.867875 0.353627 0.818582 0.675533 0.658983
0 3.23187 4.75876 14.3159 9.49664 11.5094 5.17443 3.10075 6.3916 7.89406 12.8299 8.48409 15.9633 13.2471 3.67735 0.645138 0.281028 0.407004 0.48888 999 0.680235 0.895014 0.428869 0.658486 0.482956 0.384163 0.154512 0.419008 0.791826 0.616471
0 3.91203 4.9919 14.59 9.55143 11.6874 5.82415 2.98793 6.78128 8.54624 12.8437 9.06505 16.0595 13.4672 3.87457 0.0902915 0.600532 0.660874 0.814275 0.680235 999 0.430207 0.747376 0.825389 0.240985 0.868028 0.624098 0.46272 0.379473 0.175632

0 4.0406 4.66511 14.264 9.15349 11.3247 5.83232 2.56872 6.52844 8.55202 12.435 8.96314 15.6692 13.119 3.54005 0.367615 0.93516 0.652886 0.767914 0.895014 0.430207 999 1.11102 0.673179 0.441179 1.19261 0.773272 0.845366 0.104172 0.326183
0 3.33048 5.18421 14.7326 9.92318 11.9368 5.38266 3.49554 6.78619 8.09047 13.2536 8.77253 16.3919 13.6711 4.10563 0.765387 0.189211 0.809398 0.91273 0.428869 0.747376 1.11102 999 1.06727 0.674258 0.178496 0.561035 0.285968 1.02099 0.785958
0 3.43986 4.20226 13.7915 8.86713 10.9291 5.16558 2.44274 5.95641 7.88349 12.1906 8.29724 15.3496 12.6896 3.09738 0.73762 0.887101 0.257949 0.199154 0.658486 0.825389 0.673179 1.06727 999 0.608781 1.0425 0.509619 0.931917 0.596707 0.653753
0 3.70085 4.80304 14.3965 9.414 11.5167 5.58912 2.89218 6.56177 8.31147 12.7199 8.82415 15.9121 13.2863 3.69195 0.174698 0.494703 0.422384 0.576706 0.482956 0.240985 0.441179 0.674258 0.608781 999 0.751703 0.398076 0.42573 0.347246 0.133658

0 3.15459 5.08816 14.6188 9.86175 11.8455 5.20476 3.48491 6.65293 7.91211 13.2004 8.60186 16.318 13.5695 4.02134 0.870773 0.26771 0.790598 0.867875 0.384163 0.868028 1.19261 0.178496 1.0425 0.751703 999 0.536415 0.42653 1.09593 0.876025
0 3.30388 4.64837 14.2171 9.36327 11.3933 5.20137 2.94961 6.31576 7.92317 12.6926 8.472 15.8361 13.1383 3.55922 0.57145 0.389481 0.254483 0.353627 0.154512 0.624098 0.773272 0.561035 0.509619 0.398076 0.536415 999 0.481311 0.669113 0.525708

0 3.55881 5.11948 14.695 9.79486 11.8569 5.5609 3.30659 6.79612 8.27653 13.1116 8.89774 16.2811 13.6094 4.02293 0.487769 0.181616 0.6835 0.818582 0.419008 0.46272 0.845366 0.285968 0.931917 0.42573 0.42653 0.481311 999 0.762477 0.519598
0 3.94011 4.65383 14.2537 9.17672 11.3293 5.74444 2.60851 6.49336 8.46504 12.4657 8.89347 15.688 13.1174 3.53123 0.303366 0.841813 0.554293 0.675533 0.791826 0.379473 0.104172 1.02099 0.596707 0.347246 1.09593 0.669113 0.762477 999 0.245225

0 3.82957 4.81686 14.4147 9.38848 11.5154 5.70225 2.83972 6.60786 8.42469 12.6857 8.91565 15.8936 13.2933 3.70017 0.0854468 0.613735 0.509464 0.658983 0.616471 0.175632 0.326183 0.785958 0.653753 0.133658 0.876025 0.525708 0.519598 0.245225 999