0 0 0 0 0 0 0 0 0 0 0 0 0 0 0 0 0 0 0 0 0 0 0 0 0 0 0 0 0 0 0 0 0 0 0 0 0 0 0 0 0 0 0 0 0 0 0 0 0 0 0 0 0 0 0 0 0 0 0 0 0 0 0 0 0 0 0 0 0 0 0 0 0 0 0 0 0 0 0 0 0
0 999 6.97525 5.37464 6.30384 12.2531 5.49714 5.46942 2.69596 2.84754 6.18538 2.0241 11.7438 5.28092 12.3569 5.86226 9.78144 4.65242 7.51783 11.8199 8.30696 7.1475 7.60416 9.46265 9.01663 2.98216 5.89211 9.06413 8.1334 9.00355 6.30667 9.61133 3.15539 6.2397 12.0075 6.64847 9.70222 12.0745 8.48463 8.16276 5.9927 5.57041 5.63245 4.9336 5.71039 5.47872 5.54053 4.97023 5.4697 5.74686 4.95693 5.22041 5.1282 5.84777 5.51829 5.20541 5.73845 5.31611 5.52385 5.18605 5.04001 5.11743 5.39936 5.81551 4.9872 5.70432 5.32579 4.99027 5.59627 5.05637 5.86007 5.59719 5.67764 5.08341 5.4108 4.89562 5.56667 4.99419 5.27179 5.2788 5.80477
0 6.97525 999 3.65367 3.65383 5.28629 4.01001 3.10846 8.33103 4.23703 1.46 5.12711 5.12141 2.51098 6.37082 1.32371 6.931 2.34105 3.19583 6.4007 7.08419 5.31173 5.79714 9.79829 2.42539 6.63489 7.78001 4.52747 2.88591 2.64282 6.8736 5.82658 4.01659 3.35477 5.05241 7.01407 3.95005 6.03093 1.64551 2.62292 4.73229 5.12547 4.98192 5.14595 5.03065 5.32431 5.24521 5.36122 4.68147 5.4877 5.16874 4.65097 4.51479 4.80614 4.7647 4.84083 5.24167 4.59301 5.33133 4.56023 5.24018 5.22963 4.96 4.57983 5.42561 5.53371 4.96414 5.01577 5.49286 5.21027 4.69755 5.34406 5.45704 5.36086 4.52949 5.38579 5.53712 5.42114 5.16084 4.52035 5.21973
0 5.37464 3.65367 999 0.929731 8.2777 5.93401 0.545711 5.57403 2.83177 4.19672 4.41001 6.90204 4.39241 10.0155 2.44935 4.74802 3.01573 6.36322 10.0399 3.98321 2.26433 2.81824 6.38675 4.48295 3.63209 4.13456 7.92995 3.03134 4.28434 3.246 9.09702 3.92684 0.898109 8.12294 3.42118 7.58663 9.67326 5.20463 3.18148 1.23746 1.48533 1.35502 1.5309 1.41608 1.67354 1.59963 1.73912 1.03813 1.85828 1.54925 1.00003 0.875277 1.24531 1.12632 1.19073 1.62173 0.939414 1.68312 0.912534 1.60766 1.58786 1.30814 1.03366 1.80114 1.89738 1.31048 1.39174 1.84727 1.57552 1.15375 1.70166 1.8201 1.72343 0.881213 1.7764 1.88871 1.79562 1.50826 0.866938 1.61353
0 6.30384 3.65383 0.929731 999 7.79261 6.5021 1.03586 6.39226 3.7315 4.49258 5.29794 6.17693 4.89249 9.88843 2.6685 3.94939 3.60014 6.63363 10.0306 3.50907 1.71172 2.24475 6.14845 3.94994 4.43424 4.43091 8.12087 2.30326 3.68402 3.33444 9.35733 4.73059 0.302324 7.66682 3.42229 7.59001 9.54184 5.05223 2.51782 1.17 1.7263 1.56045 2.07464 1.5738 1.95964 1.85563 2.24174 1.37088 2.01793 2.08055 1.50119 1.46783 1.2976 1.41594 1.66075 1.77192 1.39433 1.9471 1.45797 2.09651 2.04568 1.65424 1.09477 2.29112 2.07985 1.69723 1.93328 2.07854 2.06121 1.18682 1.92932 2.01161 2.18248 1.28359 2.30347 2.13457 2.28343 1.90289 1.36538 1.7255
0 12.2531 5.28629 8.2777 7.79261 999 8.22263 7.80586 13.5304 9.51774 6.21547 10.3544 2.90601 7.31074 4.12885 6.5068 9.06854 7.60201 6.11616 5.18325 10.2968 8.9211 9.18667 13.1417 3.84401 11.7268 12.216 5.92504 5.61856 4.15086 11.0463 7.06595 9.21195 7.57793 0.320156 11.0603 4.28273 3.88479 3.80686 5.33076 8.9479 9.51795 9.35248 9.78222 9.36601 9.75021 9.64744 9.97607 9.13698 9.80371 9.79568 9.2116 9.12431 9.08728 9.19423 9.39351 9.56114 9.11955 9.73906 9.14245 9.83449 9.79621 9.4288 8.88731 10.0328 9.86784 9.46231 9.63872 9.87074 9.79983 8.97771 9.72188 9.8016 9.93569 9.0217 10.0256 9.92704 10.026 9.67184 9.0686 9.51069
0 5.49714 4.01001 5.93401 6.5021 8.22263 999 5.52211 7.87858 4.13727 2.55002 3.57526 8.9378 1.65082 7.14281 4.03515 10.3683 2.92139 2.30601 6.43208 9.9151 8.15966 8.71189 12.2118 6.38919 6.94141 9.26922 3.63717 6.73772 6.64549 8.86527 4.12175 2.74591 6.2308 7.9187 9.12523 4.61863 6.90508 4.64186 6.5323 7.16226 7.23305 7.15745 6.89167 7.23691 7.33407 7.30769 7.08133 6.83385 7.59888 6.92313 6.6646 6.49879 7.14045 6.92655 6.80734 7.41112 6.67463 7.36373 6.57086 7.02662 7.06217 7.01146 6.94927 7.14073 7.61066 6.97322 6.82121 7.52343 7.01255 7.06421 7.41266 7.53978 7.1446 6.67951 7.05825 7.5407 7.14119 7.0955 6.59415 7.42982
0 5.46942 3.10846 0.545711 1.03586 7.80586 5.52211 999 5.90827 2.77253 3.6805 4.31147 6.55464 3.94367 9.47242 1.91094 4.98451 2.60346 5.84661 9.49445 4.40593 2.63761 3.18987 6.88898 4.04784 3.99766 4.67611 7.40071 2.7324 3.88291 3.78747 8.58129 3.69872 0.840238 7.64181 3.95521 7.04119 9.13053 4.66725 2.83535 1.7263 2.02814 1.89345 2.05769 1.95068 2.21904 2.144 2.26961 1.58125 2.39865 2.07801 1.54308 1.41134 1.75939 1.66794 1.73335 2.1588 1.48502 2.22814 1.45347 2.14223 2.12655 1.85376 1.53847 2.33278 2.43966 1.85595 1.92189 2.39178 2.111 1.65989 2.2453 2.36245 2.26036 1.42574 2.30188 2.43384 2.32768 2.05254 1.41191 2.14629
0 2.69596 8.33103 5.57403 6.39226 13.5304 7.87858 5.90827 999 4.20677 7.94164 4.31115 12.4607 7.27393 14.3071 7.04231 9.02233 6.25242 9.64407 13.9311 7.18533 6.57269 6.88283 7.58446 9.91416 1.95972 4.08176 11.27 8.60409 9.78293 4.96956 11.9833 5.22277 6.45631 13.3269 5.29098 11.6504 13.9986 9.96163 8.73725 5.62403 5.03325 5.16173 4.4441 5.21263 4.84782 4.94602 4.35922 5.15695 5.02897 4.45194 4.95187 4.94326 5.45015 5.16056 4.84178 5.1389 5.0642 4.88749 4.96869 4.48651 4.56132 4.95541 5.52438 4.33941 4.96446 4.88634 4.56316 4.87789 4.51701 5.51221 4.95192 4.97532 4.46105 5.1788 4.27972 4.82704 4.34813 4.73709 5.06822 5.21428
0 2.84754 4.23703 2.83177 3.7315 9.51774 4.13727 2.77253 4.20677 999 3.73524 1.58382 8.8964 3.14951 10.1047 3.04385 7.54718 2.04707 5.53448 9.77086 6.48056 4.96162 5.4913 8.36242 6.17421 2.86024 5.18059 7.18693 5.32722 6.15601 4.96858 8.05016 1.45911 3.59918 9.28862 5.26984 7.45306 9.794 5.82561 5.3354 3.78906 3.59433 3.58259 3.07888 3.66904 3.61172 3.62457 3.22417 3.31336 3.90159 3.11018 3.07981 2.9349 3.69278 3.39138 3.15483 3.78412 3.13914 3.65132 3.0079 3.21564 3.27301 3.37606 3.57663 3.27248 3.88935 3.31571 3.05778 3.78526 3.21331 3.66085 3.7162 3.83272 3.31388 3.19664 3.17859 3.78316 3.27555 3.36474 3.07389 3.82864
0 6.18538 1.46 4.19672 4.49258 6.21547 2.55002 3.6805 7.94164 3.73524 999 4.20396 6.48275 1.13252 6.37311 1.82455 8.12384 1.69756 2.16668 6.11132 8.00166 6.20426 6.73172 10.5682 3.85695 6.47001 8.13054 3.75542 4.25564 4.09826 7.41515 4.90112 3.04962 4.19415 5.94212 7.61104 3.73343 6.05991 2.41497 4.02424 5.40624 5.66276 5.54499 5.5178 5.61016 5.82457 5.76651 5.73156 5.22019 6.04065 5.54562 5.12227 4.96472 5.43715 5.3118 5.29955 5.8123 5.09364 5.84225 5.02532 5.63497 5.64489 5.46402 5.21819 5.7966 6.07269 5.44858 5.40852 6.0092 5.61088 5.33959 5.8721 5.99585 5.75986 5.05963 5.73587 6.04284 5.79414 5.61973 5.01346 5.80841
0 2.0241 5.12711 4.41001 5.29794 10.3544 3.57526 4.31147 4.31115 1.58382 4.20396 999 10.0902 3.26087 10.333 4.15785 9.13085 2.78891 5.50305 9.81018 8.01804 6.53937 7.0644 9.73786 7.33143 3.64611 6.37134 7.07096 6.72753 7.3814 6.36717 7.69317 1.15434 5.1484 10.0966 6.68644 7.67818 10.0504 6.55689 6.69143 5.3627 5.12967 5.13184 4.5741 5.21799 5.12354 5.14775 4.69459 4.8765 5.41417 4.60427 4.63726 4.49862 5.25979 4.95099 4.69711 5.3182 4.70317 5.16525 4.57034 4.70701 4.77116 4.91703 5.15244 4.73566 5.39463 4.85293 4.5719 5.28746 4.70946 5.23305 5.23335 5.3439 4.79356 4.76648 4.63923 5.27857 4.73994 4.88044 4.64112 5.36774
0 11.7438 5.12141 6.90204 6.17693 2.90601 8.9378 6.55464 12.4607 8.8964 6.48275 10.0902 999 7.59959 6.87186 5.93372 6.44264 7.34186 7.30428 7.76547 7.94829 6.86528 7.0014 10.7101 2.76031 10.5321 10.378 7.72427 3.88171 2.74133 9.10824 9.04085 9.04828 6.0506 3.04322 9.04957 6.20346 6.58411 4.36538 3.72404 7.21566 7.83737 7.67383 8.25101 7.66325 8.07032 7.96108 8.41188 7.53738 8.04716 8.2561 7.67803 7.63591 7.37961 7.57096 7.8358 7.82912 7.57119 8.04799 7.63188 8.26677 8.21122 7.80835 7.21879 8.45801 8.1172 7.85901 8.11007 8.14821 8.23157 7.28166 8.01257 8.0635 8.34478 7.45989 8.47654 8.20758 8.45 8.05785 7.54124 7.76552
0 5.28092 2.51098 4.39241 4.89249 7.31074 1.65082 3.94367 7.27393 3.14951 1.13252 3.26087 7.59959 999 7.09417 2.38437 8.72639 1.41014 2.38606 6.65733 8.34959 6.57408 7.1222 10.7496 4.93584 6.00057 8.00978 4.03745 5.11278 5.14417 7.4632 4.95358 2.13214 4.6133 7.03006 7.69884 4.43181 6.80354 3.52841 4.92318 5.62971 5.76706 5.67485 5.49951 5.74999 5.89274 5.8537 5.70213 5.34688 6.14158 5.52992 5.20179 5.03664 5.62538 5.44035 5.35983 5.93642 5.1975 5.91805 5.10547 5.62901 5.65445 5.55143 5.42276 5.76478 6.16133 5.52145 5.41189 6.08244 5.61058 5.54109 5.96013 6.08736 5.75153 5.18827 5.69045 6.10638 5.764 5.66454 5.11599 5.94694
0 12.3569 6.37082 10.0155 9.88843 4.12885 7.14281 9.47242 14.3071 10.1047 6.37311 10.333 6.87186 7.09417 999 7.65836 12.2932 8.07034 4.88467 1.27283 13.0569 11.4036 11.8081 15.8912 6.5006 12.822 14.1482 3.6162 8.24665 6.93307 13.1968 4.06897 9.22436 9.606 3.89817 13.3079 2.66391 0.347851 4.83756 7.90759 11.0289 11.4707 11.321 11.5167 11.3632 11.6775 11.5937 11.7318 11.0318 11.8232 11.5393 11.0152 10.8824 11.1219 11.1117 11.2057 11.5743 10.9528 11.6817 10.9259 11.6098 11.5977 11.3157 10.8973 11.7961 11.8735 11.3239 11.386 11.8401 11.5796 11.0107 11.6895 11.7978 11.7299 10.8838 11.7566 11.8869 11.7915 11.5237 10.8821 11.5457
0 5.86226 1.32371 2.44935 2.6685 6.5068 4.03515 1.91094 7.04231 3.04385 1.82455 4.15785 5.93372 2.38437 7.65836 999 6.36649 1.47963 3.97045 7.61107 6.17745 4.38001 4.90732 8.76991 3.178 5.31639 6.52543 5.49598 2.81178 3.22758 5.69528 6.70075 3.15163 2.36966 6.2923 5.86612 5.16078 7.32206 2.96771 2.68002 3.61934 3.93442 3.80332 3.88459 3.86153 4.11656 4.04704 4.10099 3.48727 4.30751 3.90929 3.42406 3.27725 3.66576 3.57566 3.61026 4.06924 3.379 4.12874 3.32966 3.98767 3.98471 3.75107 3.44223 4.16607 4.34657 3.74609 3.76068 4.29409 3.95965 3.56328 4.15001 4.26928 4.11082 3.32937 4.11901 4.33354 4.16226 3.93314 3.30203 4.05723
0 9.78144 6.931 4.74802 3.94939 9.06854 10.3683 4.98451 9.02233 7.54718 8.12384 9.13085 6.44264 8.72639 12.2932 6.36649 999 7.51522 10.1225 12.7664 2.07328 2.63759 2.18888 4.38001 5.79925 7.21766 5.41613 11.4054 4.18475 5.36288 4.17713 12.7384 8.66447 4.18384 9.08238 3.9202 10.4862 11.9525 7.80841 4.5155 3.81222 4.21524 4.14902 4.85631 4.07119 4.32867 4.25574 4.84702 4.3294 4.08422 4.83498 4.57953 4.6913 3.94445 4.27271 4.5785 4.05473 4.49275 4.28393 4.62636 4.75943 4.68052 4.38209 4.00814 4.84186 4.138 4.45566 4.79226 4.23964 4.73959 3.94553 4.21131 4.14898 4.7335 4.41008 4.92591 4.2799 4.83398 4.51845 4.54141 3.98538
0 4.65242 2.34105 3.01573 3.60014 7.60201 2.92139 2.60346 6.25242 2.04707 1.69756 2.78891 7.34186 1.41014 8.07034 1.47963 7.51522 999 3.65929 7.78787 6.99424 5.23994 5.79294 9.34619 4.58312 4.78235 6.62118 5.31154 4.26708 4.676 6.05307 6.31982 1.7066 3.34054 7.35511 6.28943 5.42944 7.75604 3.83818 4.15389 4.24859 4.36128 4.27274 4.09055 4.34918 4.48369 4.44605 4.29423 3.94553 4.73466 4.12084 3.79482 3.62937 4.23495 4.03892 3.951 4.53265 3.79337 4.50944 3.69882 4.21954 4.24448 4.14439 4.03789 4.35717 4.75331 4.11323 4.00195 4.67347 4.20087 4.15454 4.55237 4.67968 4.34229 3.78797 4.28401 4.6969 4.35625 4.25469 3.71199 4.54524
0 7.51783 3.19583 6.36322 6.63363 6.11616 2.30601 5.84661 9.64407 5.53448 2.16668 5.50305 7.30428 2.38606 4.88467 3.97045 10.1225 3.65929 999 4.3093 10.1383 8.3421 8.86014 12.7326 5.11994 8.37929 10.2504 1.65738 6.05799 5.47973 9.57478 2.73468 4.44285 6.33271 5.80153 9.77524 2.31353 4.62915 2.96816 5.77183 7.57174 7.82614 7.71017 7.66016 7.77595 7.98419 7.92833 7.87197 7.38471 8.20429 7.68872 7.2817 7.12261 7.60379 7.47659 7.45672 7.97742 7.25589 8.00289 7.18455 7.78067 7.794 7.62527 7.38463 7.93664 8.2352 7.60797 7.55547 8.16985 7.75776 7.50604 8.03421 8.15853 7.90546 7.22403 7.87208 8.2023 7.9346 7.77536 7.17538 7.9743
0 11.8199 6.4007 10.0399 10.0306 5.18325 6.43208 9.49445 13.9311 9.77086 6.11132 9.81018 7.76547 6.65733 1.27283 7.61107 12.7664 7.78787 4.3093 999 13.3449 11.6288 12.0714 16.136 6.98588 12.5699 14.1354 2.79632 8.62311 7.42623 13.2728 2.93019 8.74942 9.73666 4.91945 13.4144 2.45326 1.36297 5.04049 8.28401 11.1314 11.5201 11.3793 11.4949 11.4297 11.7134 11.6378 11.7113 11.0743 11.8854 11.5199 11.029 10.8856 11.2068 11.1592 11.2169 11.6405 10.9779 11.7225 10.9359 11.5987 11.5953 11.3479 10.9805 11.7765 11.93 11.3478 11.3717 11.8856 11.5707 11.0982 11.7381 11.853 11.7219 10.92 11.7277 11.9282 11.7728 11.5393 10.9029 11.6197
0 8.30696 7.08419 3.98321 3.50907 10.2968 9.9151 4.40593 7.18533 6.48056 8.00166 8.01804 7.94829 8.34959 13.0569 6.17745 2.07328 6.99424 10.1383 13.3449 999 1.79744 1.28705 2.86024 6.6505 5.51609 3.38104 11.5981 4.83415 6.25415 2.22389 12.8554 7.79031 3.80802 10.2546 1.92419 10.9445 12.7094 8.3049 5.16792 2.77346 2.88919 2.89943 3.46046 2.81304 2.90322 2.87175 3.37368 3.18558 2.61501 3.43191 3.40685 3.55971 2.82703 3.10129 3.32609 2.70016 3.35908 2.86009 3.48527 3.33412 3.26397 3.10501 2.99159 3.34589 2.64337 3.16697 3.44928 2.75269 3.32661 2.8849 2.78996 2.68596 3.26499 3.32029 3.44141 2.77152 3.33983 3.14161 3.43133 2.65267
0 7.1475 5.31173 2.26433 1.71172 8.9211 8.15966 2.63761 6.57269 4.96162 6.20426 6.53937 6.86528 6.57408 11.4036 4.38001 2.63759 5.23994 8.3421 11.6288 1.79744 999 0.554707 4.50717 5.13887 4.68509 3.55542 9.81247 3.31436 4.78268 2.25462 11.0618 6.16964 2.01062 8.84163 2.18525 9.20818 11.0558 6.60147 3.62505 1.18207 1.59936 1.51789 2.24044 1.44349 1.74453 1.65795 2.25887 1.69351 1.54371 2.22172 1.94326 2.06036 1.30744 1.63521 1.94228 1.45682 1.85936 1.7018 1.99346 2.15567 2.0764 1.75084 1.38761 2.26424 1.60858 1.82496 2.16529 1.69536 2.13225 1.31447 1.63283 1.59828 2.14799 1.78214 2.33952 1.74566 2.25584 1.90681 1.91193 1.3832
0 7.60416 5.79714 2.81824 2.24475 9.18667 8.71189 3.18987 6.88283 5.4913 6.73172 7.0644 7.0014 7.1222 11.8081 4.90732 2.18888 5.79294 8.86014 12.0714 1.28705 0.554707 999 4.08315 5.45979 5.04169 3.58861 10.312 3.6305 5.08174 2.272 11.5733 6.71704 2.53931 9.1239 2.12132 9.66419 11.4604 7.0339 3.95592 1.70229 2.03375 1.98028 2.67218 1.89907 2.13996 2.06863 2.65817 2.19518 1.89725 2.64996 2.44132 2.56994 1.80849 2.12792 2.41705 1.86836 2.36613 2.09517 2.5001 2.57218 2.49349 2.21163 1.91533 2.65315 1.95282 2.28396 2.61485 2.05283 2.55313 1.83136 2.02249 1.96117 2.54463 2.29819 2.73703 2.09469 2.64524 2.33386 2.42482 1.80036
0 9.46265 9.79829 6.38675 6.14845 13.1417 12.2118 6.88898 7.58446 8.36242 10.5682 9.73786 10.7101 10.7496 15.8912 8.76991 4.38001 9.34619 12.7326 16.136 2.86024 4.50717 4.08315 999 9.50984 6.48056 3.58541 14.2591 7.69005 9.1144 3.39401 15.4668 9.79417 6.44981 13.1066 3.10234 13.7132 15.5435 11.1062 8.0219 5.16268 4.98572 5.07479 5.33896 5.00016 4.87769 4.90575 5.16463 5.40289 4.61517 5.30713 5.55353 5.71938 5.1415 5.30941 5.40529 4.81362 5.55286 4.84815 5.64883 5.20167 5.15965 5.20467 5.35544 5.1102 4.60144 5.24011 5.39777 4.6884 5.21245 5.23445 4.80024 4.67295 5.08908 5.56187 5.20004 4.67213 5.10834 5.11715 5.63428 4.80283
0 9.01663 2.42539 4.48295 3.94994 3.84401 6.38919 4.04784 9.91416 6.17421 3.85695 7.33143 2.76031 4.93584 6.5006 3.178 5.79925 4.58312 5.11994 6.98588 6.6505 5.13887 5.45979 9.50984 999 8.036 8.37216 5.99604 1.83003 0.440454 7.21283 7.36957 6.28908 3.74233 3.72979 7.24056 4.80826 6.15805 2.24949 1.514 5.10393 5.67603 5.51031 5.96162 5.5227 5.90887 5.80543 6.15026 5.30144 5.9597 5.97348 5.38689 5.30831 5.24351 5.35618 5.5656 5.71725 5.29158 5.89696 5.3218 6.0073 5.96596 5.59201 5.04468 6.20537 6.02386 5.6278 5.81775 6.02735 5.97236 5.13412 5.87881 5.95775 6.10518 5.19091 6.20287 6.08383 6.19833 5.83686 5.2441 5.66668
0 2.98216 6.63489 3.63209 4.43424 11.7268 6.94141 3.99766 1.95972 2.86024 6.47001 3.64611 10.5321 6.00057 12.822 5.31639 7.21766 4.78235 8.37929 12.5699 5.51609 4.68509 5.04169 6.48056 8.036 999 2.91734 10.0353 6.66301 7.88054 3.39249 10.9093 4.19695 4.50574 11.5392 3.73387 10.2014 12.4996 8.28025 6.80871 3.68331 3.11092 3.22961 2.50157 3.28616 2.94217 3.03406 2.43631 3.20471 3.15159 2.51186 2.99481 2.98362 3.51115 3.21277 2.89065 3.23237 3.10703 2.98416 3.0097 2.55539 2.63244 3.0156 3.5738 2.42423 3.09215 2.94476 2.61476 2.99676 2.58403 3.56751 3.0524 3.09199 2.54341 3.22136 2.35565 2.95099 2.43279 2.80812 3.10941 3.30721
0 5.89211 7.78001 4.13456 4.43091 12.216 9.26922 4.67611 4.08176 5.18059 8.13054 6.37134 10.378 8.00978 14.1482 6.52543 5.41613 6.62118 10.2504 14.1354 3.38104 3.55542 3.58861 3.58541 8.37216 2.91734 999 11.8799 6.63807 8.08115 1.31746 12.9397 6.63871 4.66725 12.096 1.50629 11.6862 13.8065 9.33786 6.89977 3.26841 2.72161 2.88316 2.64085 2.85997 2.49811 2.59308 2.42446 3.13992 2.41367 2.61631 3.13458 3.26578 3.13331 3.06823 2.94384 2.65902 3.20201 2.50174 3.22278 2.54071 2.55053 2.84878 3.34135 2.35941 2.35107 2.83301 2.76649 2.35739 2.57012 3.24428 2.50882 2.41976 2.41931 3.27913 2.40817 2.30378 2.3633 2.6289 3.26993 2.70665
0 9.06413 4.52747 7.92995 8.12087 5.92504 3.63717 7.40071 11.27 7.18693 3.75542 7.07096 7.72427 4.03745 3.6162 5.49598 11.4054 5.31154 1.65738 2.79632 11.5981 9.81247 10.312 14.2591 5.99604 10.0353 11.8799 999 7.24572 6.40644 11.1637 1.37354 6.05186 7.81855 5.60635 11.3509 1.64235 3.43332 3.74835 6.93118 9.11532 9.40673 9.28384 9.27308 9.34603 9.57422 9.51329 9.48665 8.96178 9.78358 9.30096 8.87269 8.71659 9.15944 9.05241 9.05171 9.55099 8.84045 9.59067 8.776 9.39039 9.40003 9.21197 8.93686 9.55164 9.818 9.19877 9.1639 9.75748 9.36625 9.05809 9.61831 9.74091 9.51528 8.80179 9.49018 9.79251 9.54924 9.3727 8.76089 9.54334
0 8.1334 2.88591 3.03134 2.30326 5.61856 6.73772 2.7324 8.60409 5.32722 4.25564 6.72753 3.88171 5.11278 8.24665 2.81178 4.18475 4.26708 6.05799 8.62311 4.83415 3.31436 3.6305 7.69005 1.83003 6.66301 6.63807 7.24572 999 1.47003 5.43526 8.59447 5.85496 2.16906 5.53 5.44192 6.30635 7.90044 3.6264 0.34 3.39377 3.99953 3.83377 4.37706 3.83269 4.23425 4.12657 4.54465 3.67202 4.24535 4.38349 3.80162 3.75519 3.54833 3.71191 3.96393 4.0132 3.69629 4.21611 3.75275 4.3994 4.34726 3.95046 3.37061 4.5933 4.31296 3.99698 4.23508 4.3307 4.3641 3.44453 4.18801 4.25259 4.4831 3.58644 4.60673 4.38918 4.58551 4.20011 3.66344 3.95541
0 9.00355 2.64282 4.28434 3.68402 4.15086 6.64549 3.88291 9.78293 6.15601 4.09826 7.3814 2.74133 5.14417 6.93307 3.22758 5.36288 4.676 5.47973 7.42623 6.25415 4.78268 5.08174 9.1144 0.440454 7.88054 8.08115 6.40644 1.47003 999 6.89664 7.77947 6.37279 3.4986 4.06001 6.90991 5.24269 6.5913 2.65831 1.18229 4.81918 5.40715 5.24092 5.72871 5.24777 5.6414 5.53594 5.91034 5.04958 5.6752 5.73867 5.15134 5.08344 4.96558 5.09895 5.32499 5.43681 5.05205 5.62688 5.09157 5.76607 5.72057 5.33669 4.77468 5.96322 5.74105 5.37669 5.58497 5.75086 5.73087 4.85816 5.60449 5.67737 5.85897 4.94764 5.96661 5.80833 5.95589 5.5842 5.00947 5.38293
0 6.30667 6.8736 3.246 3.33444 11.0463 8.86527 3.78747 4.96956 4.96858 7.41515 6.36717 9.10824 7.4632 13.1968 5.69528 4.17713 6.05307 9.57478 13.2728 2.22389 2.25462 2.272 3.39401 7.21283 3.39249 1.31746 11.1637 5.43526 6.89664 999 12.3007 6.40158 3.60212 10.9424 0.342345 10.8202 12.8515 8.36065 5.71557 2.17223 1.76093 1.89498 1.97407 1.84317 1.59069 1.65089 1.7855 2.20802 1.389 1.94275 2.29317 2.45242 2.07499 2.11985 2.11915 1.63244 2.3234 1.57315 2.39027 1.84023 1.80984 1.95178 2.30008 1.72776 1.34874 1.96686 2.05242 1.40629 1.85613 2.18603 1.54651 1.42604 1.72094 2.36635 1.81419 1.3725 1.72673 1.80403 2.40286 1.65442
0 9.61133 5.82658 9.09702 9.35733 7.06595 4.12175 8.58129 11.9833 8.05016 4.90112 7.69317 9.04085 4.95358 4.06897 6.70075 12.7384 6.31982 2.73468 2.93019 12.8554 11.0618 11.5733 15.4668 7.36957 10.9093 12.9397 1.37354 8.59447 7.77947 12.3007 999 6.78333 9.05563 6.75327 12.5058 2.8554 3.99531 5.12161 8.28423 10.3064 10.5563 10.4422 10.3731 10.5086 10.7108 10.657 10.583 10.1161 10.9346 10.4021 10.0086 9.84835 10.3382 10.2082 10.1816 10.7093 9.98519 10.7304 9.91133 10.496 10.512 10.3535 10.1193 10.6472 10.9644 10.3346 10.2721 10.8973 10.4741 10.2407 10.7631 10.8879 10.6205 9.95534 10.5798 10.9287 10.6455 10.4987 9.90443 10.7071
0 3.15539 4.01659 3.92684 4.73059 9.21195 2.74591 3.69872 5.22277 1.45911 3.04962 1.15434 9.04828 2.13214 9.22436 3.15163 8.66447 1.7066 4.44285 8.74942 7.79031 6.16964 6.71704 9.79417 6.28908 4.19695 6.63871 6.05186 5.85496 6.37279 6.40158 6.78333 999 4.53141 8.95121 6.69413 6.56318 8.93531 5.41 5.77956 5.03607 4.9364 4.9012 4.47356 4.9868 4.98325 4.98281 4.63497 4.60524 5.2686 4.50534 4.39081 4.2337 4.96599 4.69086 4.49352 5.12523 4.43233 5.02003 4.30839 4.61153 4.6624 4.71289 4.81766 4.68719 5.26417 4.65949 4.43511 5.16435 4.60527 4.9162 5.08039 5.20209 4.71735 4.47052 4.59583 5.16853 4.68949 4.73552 4.35918 5.16135
0 6.2397 3.35477 0.898109 0.302324 7.57793 6.2308 0.840238 6.45631 3.59918 4.19415 5.1484 6.0506 4.6133 9.606 2.36966 4.18384 3.34054 6.33271 9.73666 3.80802 2.01062 2.53931 6.44981 3.74233 4.50574 4.66725 7.81855 2.16906 3.4986 3.60212 9.05563 4.53141 999 7.44412 3.70196 7.29419 9.25977 4.76861 2.35262 1.43014 1.94822 1.78484 2.23056 1.8081 2.17746 2.07758 2.41219 1.55943 2.26186 2.24017 1.65296 1.59204 1.54204 1.61664 1.82679 2.0128 1.55354 2.16934 1.5955 2.26824 2.22467 1.85088 1.32701 2.46581 2.3206 1.88553 2.08695 2.30988 2.23311 1.42982 2.15862 2.24951 2.36365 1.45015 2.46801 2.36393 2.45859 2.09471 1.51143 1.97227
0 12.0075 5.05241 8.12294 7.66682 0.320156 7.9187 7.64181 13.3269 9.28862 5.94212 10.0966 3.04322 7.03006 3.89817 6.2923 9.08238 7.35511 5.80153 4.91945 10.2546 8.84163 9.1239 13.1066 3.72979 11.5392 12.096 5.60635 5.53 4.06001 10.9424 6.75327 8.95121 7.44412 999 10.9659 3.96415 3.64078 3.54154 5.23245 8.82797 9.38916 9.22428 9.63566 9.2405 9.62026 9.51869 9.83223 9.00101 9.6824 9.64995 9.06803 8.97636 8.96376 9.06058 9.25164 9.43807 8.97806 9.61044 8.99677 9.69165 9.65544 9.29366 8.7604 9.88982 9.74555 9.32511 9.49254 9.74515 9.65721 8.85344 9.59543 9.67814 9.79495 8.88219 9.87988 9.80085 9.88318 9.53483 8.92511 9.38939
0 6.64847 7.01407 3.42118 3.42229 11.0603 9.12523 3.95521 5.29098 5.26984 7.61104 6.68644 9.04957 7.69884 13.3079 5.86612 3.9202 6.28943 9.77524 13.4144 1.92419 2.18525 2.12132 3.10234 7.24056 3.73387 1.50629 11.3509 5.44192 6.90991 0.342345 12.5058 6.69413 3.70196 10.9659 999 10.9641 12.9617 8.47047 5.73349 2.28443 1.94953 2.06714 2.23878 2.00536 1.80647 1.85149 2.06229 2.39087 1.5712 2.20702 2.50346 2.66682 2.20949 2.29944 2.33959 1.79991 2.52116 1.78254 2.60061 2.1021 2.06346 2.15538 2.43566 2.00807 1.5432 2.1799 2.30403 1.61708 2.11434 2.317 1.74498 1.61908 1.9878 2.55142 2.09849 1.59253 2.00613 2.03569 2.60219 1.80895
0 9.70222 3.95005 7.58663 7.59001 4.28273 4.61863 7.04119 11.6504 7.45306 3.73343 7.67818 6.20346 4.43181 2.66391 5.16078 10.4862 5.42944 2.31353 2.45326 10.9445 9.20818 9.66419 13.7132 4.80826 10.2014 11.6862 1.64235 6.30635 5.24269 10.8202 2.8554 6.56318 7.29419 3.96415 10.9641 999 2.37255 2.6803 5.9722 8.68219 9.06689 8.92636 9.04535 8.9771 9.26017 9.18455 9.26175 8.62105 9.43254 9.07007 8.57631 8.43341 8.75568 8.70603 8.76438 9.1878 8.52476 9.26923 8.48329 9.14806 9.14382 8.89473 8.52937 9.32685 9.47688 8.89473 8.92124 9.4324 9.11979 8.64735 9.28492 9.39993 9.27095 8.46671 9.27919 9.47497 9.32304 9.08659 8.44992 9.16748
0 12.0745 6.03093 9.67326 9.54184 3.88479 6.90508 9.13053 13.9986 9.794 6.05991 10.0504 6.58411 6.80354 0.347851 7.32206 11.9525 7.75604 4.62915 1.36297 12.7094 11.0558 11.4604 15.5435 6.15805 12.4996 13.8065 3.43332 7.90044 6.5913 12.8515 3.99531 8.93531 9.25977 3.64078 12.9617 2.37255 999 4.49161 7.56128 10.6832 11.1269 10.9768 11.1763 11.0187 11.3341 11.25 11.3912 10.6883 11.4787 11.1988 10.6731 10.5409 10.7767 10.768 10.8636 11.2297 10.6102 11.3382 10.584 11.2688 11.2563 10.9726 10.5523 11.4555 11.5292 10.9812 11.0452 11.4963 11.2385 10.6655 11.3456 11.4536 11.3887 10.5406 11.4165 11.5432 11.4509 11.1813 10.5397 11.2008
0 8.48463 1.64551 5.20463 5.05223 3.80686 4.64186 4.66725 9.96163 5.82561 2.41497 6.55689 4.36538 3.52841 4.83756 2.96771 7.80841 3.83818 2.96816 5.04049 8.3049 6.60147 7.0339 11.1062 2.24949 8.28025 9.33786 3.74835 3.6264 2.65831 8.36065 5.12161 5.41 4.76861 3.54154 8.47047 2.6803 4.49161 999 3.29314 6.19165 6.64276 6.49071 6.72366 6.53079 6.85357 6.76709 6.9365 6.20749 6.99101 6.7446 6.2039 6.07784 6.28632 6.2853 6.3947 6.74151 6.13621 6.85603 6.11717 6.8094 6.79224 6.49445 6.06226 6.99986 7.04256 6.50619 6.58891 7.01243 6.77802 6.17491 6.86121 6.96736 6.927 6.06247 6.96686 7.06046 6.99482 6.70907 6.06794 6.71139
0 8.16276 2.62292 3.18148 2.51782 5.33076 6.5323 2.83535 8.73725 5.3354 4.02424 6.69143 3.72404 4.92318 7.90759 2.68002 4.5155 4.15389 5.77183 8.28401 5.16792 3.62505 3.95592 8.0219 1.514 6.80871 6.89977 6.93118 0.34 1.18229 5.71557 8.28423 5.77956 2.35262 5.23245 5.73349 5.9722 7.56128 3.29314 999 3.64062 4.23447 4.06824 4.57988 4.07249 4.4691 4.36278 4.75527 3.88801 4.49603 4.58819 4.00232 3.94457 3.78939 3.93359 4.1711 4.25914 3.90003 4.45332 3.94758 4.61035 4.56185 4.17199 3.60251 4.80632 4.56235 4.21474 4.43672 4.57438 4.57506 3.68297 4.42904 4.49952 4.69931 3.79294 4.81429 4.63219 4.79877 4.42071 3.86186 4.20419
0 5.9927 4.73229 1.23746 1.17 8.9479 7.16226 1.7263 5.62403 3.78906 5.40624 5.3627 7.21566 5.62971 11.0289 3.61934 3.81222 4.24859 7.57174 11.1314 2.77346 1.18207 1.70229 5.16268 5.10393 3.68331 3.26841 9.11532 3.39377 4.81918 2.17223 10.3064 5.03607 1.43014 8.82797 2.28443 8.68219 10.6832 6.19165 3.64062 999 0.629099 0.474613 1.18182 0.449417 0.857471 0.747829 1.27461 0.523105 0.856324 1.17253 0.772406 0.879361 0.175293 0.483595 0.81002 0.61944 0.680903 0.832947 0.814222 1.14036 1.06846 0.668669 0.218849 1.3047 0.921873 0.738629 1.07267 0.937272 1.10869 0.133399 0.797425 0.859239 1.18309 0.600065 1.35155 0.996033 1.29603 0.8952 0.730164 0.563756
0 5.57041 5.12547 1.48533 1.7263 9.51795 7.23305 2.02814 5.03325 3.59433 5.66276 5.12967 7.83737 5.76706 11.4707 3.93442 4.21524 4.36128 7.82614 11.5201 2.88919 1.59936 2.03375 4.98572 5.67603 3.11092 2.72161 9.40673 3.99953 5.40715 1.76093 10.5563 4.9364 1.94822 9.38916 1.94953 9.06689 11.1269 6.64276 4.23447 0.629099 999 0.166256 0.642146 0.183157 0.234778 0.129531 0.67529 0.4472 0.378347 0.622548 0.568527 0.734423 0.458922 0.36089 0.442967 0.189863 0.572449 0.221287 0.663191 0.559101 0.480435 0.224529 0.632488 0.694317 0.412194 0.278717 0.582991 0.369675 0.533895 0.556239 0.218843 0.3349 0.572345 0.60559 0.755643 0.419277 0.685583 0.307749 0.653842 0.240395
0 5.63245 4.98192 1.35502 1.56045 9.35248 7.15745 1.89345 5.16173 3.58259 5.54499 5.13184 7.67383 5.67485 11.321 3.80332 4.14902 4.27274 7.71017 11.3793 2.89943 1.51789 1.98028 5.07479 5.51031 3.22961 2.88316 9.28384 3.83377 5.24092 1.89498 10.4422 4.9012 1.78484 9.22428 2.06714 8.92636 10.9768 6.49071 4.06824 0.474613 0.166256 999 0.735157 0.0864498 0.400902 0.295224 0.804507 0.328506 0.506215 0.720962 0.510426 0.670403 0.300535 0.235173 0.439347 0.26733 0.483109 0.386652 0.595903 0.675482 0.600487 0.233156 0.466288 0.831631 0.552658 0.307102 0.648205 0.52655 0.645836 0.3922 0.374638 0.476815 0.709642 0.488709 0.882924 0.579383 0.822929 0.42501 0.563309 0.272665
0 4.9336 5.14595 1.5309 2.07464 9.78222 6.89167 2.05769 4.4441 3.07888 5.5178 4.5741 8.25101 5.49951 11.5167 3.88459 4.85631 4.09055 7.66016 11.4949 3.46046 2.24044 2.67218 5.33896 5.96162 2.50157 2.64085 9.27308 4.37706 5.72871 1.97407 10.3731 4.47356 2.23056 9.63566 2.23878 9.04535 11.1763 6.72366 4.57988 1.18182 0.642146 0.735157 999 0.800834 0.558503 0.60801 0.216422 0.727508 0.845467 0.0318678 0.577716 0.660254 1.00968 0.718862 0.416818 0.804856 0.680834 0.602599 0.640068 0.138008 0.197248 0.51432 1.08555 0.281608 0.821157 0.443202 0.143899 0.713445 0.135378 1.06811 0.674651 0.774546 0.253189 0.791145 0.245618 0.70581 0.27813 0.338352 0.719247 0.871827
0 5.71039 5.03065 1.41608 1.5738 9.36601 7.23691 1.95068 5.21263 3.66904 5.61016 5.21799 7.66325 5.74999 11.3632 3.86153 4.07119 4.34918 7.77595 11.4297 2.81304 1.44349 1.89907 5.00016 5.5227 3.28616 2.85997 9.34603 3.83269 5.24777 1.84317 10.5086 4.9868 1.8081 9.2405 2.00536 8.9771 11.0187 6.53079 4.07249 0.449417 0.183157 0.0864498 0.800834 999 0.40808 0.298455 0.853443 0.403751 0.46022 0.784524 0.596006 0.754857 0.284563 0.310572 0.52401 0.211237 0.564486 0.384859 0.680228 0.730959 0.653739 0.312568 0.481395 0.875315 0.514185 0.385106 0.722113 0.504757 0.703271 0.389618 0.356721 0.441641 0.753106 0.56174 0.933196 0.561188 0.866577 0.478075 0.643761 0.198657
0 5.47872 5.32431 1.67354 1.95964 9.75021 7.33407 2.21904 4.84782 3.61172 5.82457 5.12354 8.07032 5.89274 11.6775 4.11656 4.32867 4.48369 7.98419 11.7134 2.90322 1.74453 2.13996 4.87769 5.90887 2.94217 2.49811 9.57422 4.23425 5.6414 1.59069 10.7108 4.98325 2.17746 9.62026 1.80647 9.26017 11.3341 6.85357 4.4691 0.857471 0.234778 0.400902 0.558503 0.40808 999 0.109646 0.518786 0.646094 0.290752 0.531089 0.702499 0.862875 0.690725 0.570468 0.533125 0.29123 0.737582 0.0451317 0.799645 0.439748 0.364521 0.365696 0.86679 0.519825 0.281253 0.376244 0.554089 0.189895 0.427013 0.790422 0.118478 0.221075 0.405818 0.794857 0.598455 0.218309 0.51147 0.247884 0.815249 0.366565
0 5.54053 5.24521 1.59963 1.85563 9.64744 7.30769 2.144 4.94602 3.62457 5.76651 5.14775 7.96108 5.8537 11.5937 4.04704 4.25574 4.44605 7.92833 11.6378 2.87175 1.65795 2.06863 4.90575 5.80543 3.03406 2.59308 9.51329 4.12657 5.53594 1.65089 10.657 4.98281 2.07758 9.51869 1.85149 9.18455 11.25 6.76709 4.36278 0.747829 0.129531 0.295224 0.60801 0.298455 0.109646 999 0.601007 0.563774 0.291424 0.583751 0.652601 0.817156 0.581488 0.482017 0.500759 0.201887 0.672961 0.0917809 0.749539 0.50369 0.424876 0.303895 0.76146 0.609901 0.308391 0.33447 0.577916 0.247847 0.484743 0.682189 0.106596 0.233662 0.491095 0.718421 0.681737 0.29337 0.601312 0.273059 0.75306 0.274745
0 4.97023 5.36122 1.73912 2.24174 9.97607 7.08133 2.26961 4.35922 3.22417 5.73156 4.69459 8.41188 5.70213 11.7318 4.10099 4.84702 4.29423 7.87197 11.7113 3.37368 2.25887 2.65817 5.16463 6.15026 2.43631 2.42446 9.48665 4.54465 5.91034 1.7855 10.583 4.63497 2.41219 9.83223 2.06229 9.26175 11.3912 6.9365 4.75527 1.27461 0.67529 0.804507 0.216422 0.853443 0.518786 0.601007 999 0.874513 0.776636 0.192479 0.764476 0.864706 1.09934 0.846453 0.585406 0.802115 0.858974 0.563285 0.836851 0.14526 0.206962 0.616057 1.2104 0.0652921 0.736154 0.556982 0.347812 0.627208 0.180554 1.17383 0.635717 0.707525 0.113783 0.962881 0.0808268 0.602711 0.062633 0.379774 0.907473 0.875717
0 5.4697 4.68147 1.03813 1.37088 9.13698 6.83385 1.58125 5.15695 3.31336 5.22019 4.8765 7.53738 5.34688 11.0318 3.48727 4.3294 3.94553 7.38471 11.0743 3.18558 1.69351 2.19518 5.40289 5.30144 3.20471 3.13992 8.96178 3.67202 5.04958 2.20802 10.1161 4.60524 1.55943 9.00101 2.39087 8.62105 10.6883 6.20749 3.88801 0.523105 0.4472 0.328506 0.727508 0.403751 0.646094 0.563774 0.874513 999 0.821893 0.727306 0.250269 0.378473 0.38733 0.0934773 0.315638 0.594003 0.174404 0.650263 0.306167 0.729462 0.67524 0.293478 0.370408 0.921462 0.8593 0.327107 0.596827 0.811551 0.694315 0.391092 0.664087 0.782007 0.811602 0.160782 0.940507 0.855897 0.913616 0.535446 0.246475 0.600069
0 5.74686 5.4877 1.85828 2.01793 9.80371 7.59888 2.39865 5.02897 3.90159 6.04065 5.41417 8.04716 6.14158 11.8232 4.30751 4.08422 4.73466 8.20429 11.8854 2.61501 1.54371 1.89725 4.61517 5.9597 3.15159 2.41367 9.78358 4.24535 5.6752 1.389 10.9346 5.2686 2.26186 9.6824 1.5712 9.43254 11.4787 6.99101 4.49603 0.856324 0.378347 0.506215 0.845467 0.46022 0.290752 0.291424 0.776636 0.821893 999 0.816921 0.939859 1.10532 0.721043 0.732096 0.792183 0.2501 0.950493 0.250271 1.03612 0.720342 0.649015 0.590269 0.936009 0.762526 0.0713754 0.625717 0.844497 0.155586 0.711695 0.832827 0.188691 0.0709687 0.663604 0.981791 0.85183 0.202012 0.755089 0.536852 1.03175 0.29305
0 4.95693 5.16874 1.54925 2.08055 9.79568 6.92313 2.07801 4.45194 3.11018 5.54562 4.60427 8.2561 5.52992 11.5393 3.90929 4.83498 4.12084 7.68872 11.5199 3.43191 2.22172 2.64996 5.30713 5.97348 2.51186 2.61631 9.30096 4.38349 5.73867 1.94275 10.4021 4.50534 2.24017 9.64995 2.20702 9.07007 11.1988 6.7446 4.58819 1.17253 0.622548 0.720962 0.0318678 0.784524 0.531089 0.583751 0.192479 0.727306 0.816921 999 0.58739 0.676541 0.999528 0.714571 0.420341 0.781896 0.688217 0.575446 0.653285 0.106197 0.16798 0.503993 1.08172 0.257082 0.791549 0.434415 0.157973 0.683553 0.105489 1.06078 0.647844 0.745965 0.222095 0.797052 0.229941 0.675089 0.253015 0.316567 0.729719 0.849787
0 5.22041 4.65097 1.00003 1.50119 9.2116 6.6646 1.54308 4.95187 3.07981 5.12227 4.63726 7.67803 5.20179 11.0152 3.42406 4.57953 3.79482 7.2817 11.029 3.40685 1.94326 2.44132 5.55353 5.38689 2.99481 3.13458 8.87269 3.80162 5.15134 2.29317 10.0086 4.39081 1.65296 9.06803 2.50346 8.57631 10.6731 6.2039 4.00232 0.772406 0.568527 0.510426 0.577716 0.596006 0.702499 0.652601 0.764476 0.250269 0.939859 0.58739 999 0.165917 0.636111 0.314304 0.190805 0.74845 0.112357 0.722148 0.0972754 0.623791 0.593208 0.349636 0.604609 0.821833 0.960908 0.326326 0.434399 0.88888 0.589586 0.63966 0.75919 0.886086 0.731588 0.227265 0.816131 0.920672 0.815274 0.510394 0.142999 0.775048
0 5.1282 4.51479 0.875277 1.46783 9.12431 6.49879 1.41134 4.94326 2.9349 4.96472 4.49862 7.63591 5.03664 10.8824 3.27725 4.6913 3.62937 7.12261 10.8856 3.55971 2.06036 2.56994 5.71938 5.30831 2.98362 3.26578 8.71659 3.75519 5.08344 2.45242 9.84835 4.2337 1.59204 8.97636 2.66682 8.43341 10.5409 6.07784 3.94457 0.879361 0.734423 0.670403 0.660254 0.754857 0.862875 0.817156 0.864706 0.378473 1.10532 0.676541 0.165917 999 0.761827 0.458631 0.335234 0.913526 0.204565 0.884479 0.0747154 0.732412 0.715394 0.515059 0.688463 0.926197 1.12518 0.487201 0.518572 1.05072 0.700465 0.746285 0.923671 1.05079 0.849168 0.283135 0.905592 1.0804 0.920562 0.657568 0.150887 0.938127
0 5.84777 4.80614 1.24531 1.2976 9.08728 7.14045 1.75939 5.45015 3.69278 5.43715 5.25979 7.37961 5.62538 11.1219 3.66576 3.94445 4.23495 7.60379 11.2068 2.82703 1.30744 1.80849 5.1415 5.24351 3.51115 3.13331 9.15944 3.54833 4.96558 2.07499 10.3382 4.96599 1.54204 8.96376 2.20949 8.75568 10.7767 6.28632 3.78939 0.175293 0.458922 0.300535 1.00968 0.284563 0.690725 0.581488 1.09934 0.38733 0.721043 0.999528 0.636111 0.761827 999 0.329488 0.649541 0.474358 0.557698 0.669187 0.69161 0.965466 0.893273 0.495574 0.226317 1.12949 0.782259 0.566721 0.904313 0.78528 0.933993 0.112285 0.639957 0.714442 1.00795 0.497774 1.17637 0.842851 1.12083 0.719907 0.61904 0.430234
0 5.51829 4.7647 1.12632 1.41594 9.19423 6.92655 1.66794 5.16056 3.39138 5.3118 4.95099 7.57096 5.44035 11.1117 3.57566 4.27271 4.03892 7.47659 11.1592 3.10129 1.63521 2.12792 5.30941 5.35618 3.21277 3.06823 9.05241 3.71191 5.09895 2.11985 10.2082 4.69086 1.61664 9.06058 2.29944 8.70603 10.768 6.2853 3.93359 0.483595 0.36089 0.235173 0.718862 0.310572 0.570468 0.482017 0.846453 0.0934773 0.732096 0.714571 0.314304 0.458631 0.329488 999 0.327109 0.501292 0.2589 0.570776 0.384484 0.70323 0.642006 0.238618 0.367206 0.888627 0.771722 0.289537 0.598039 0.728773 0.66881 0.357974 0.579362 0.69453 0.773865 0.25359 0.916797 0.775322 0.880445 0.488207 0.335556 0.506595
0 5.20541 4.84083 1.19073 1.66075 9.39351 6.80734 1.73335 4.84178 3.15483 5.29955 4.69711 7.8358 5.35983 11.2057 3.61026 4.5785 3.951 7.45672 11.2169 3.32609 1.94228 2.41705 5.40529 5.5656 2.89065 2.94384 9.05171 3.96393 5.32499 2.11915 10.1816 4.49352 1.82679 9.25164 2.33959 8.76438 10.8636 6.3947 4.1711 0.81002 0.442967 0.439347 0.416818 0.52401 0.533125 0.500759 0.585406 0.315638 0.792183 0.420341 0.190805 0.335234 0.649541 0.327109 999 0.632322 0.274075 0.558606 0.281105 0.44173 0.40491 0.221274 0.683159 0.639786 0.804075 0.167385 0.281787 0.722644 0.406768 0.685033 0.60533 0.732455 0.544103 0.37818 0.643324 0.748812 0.632796 0.322959 0.329854 0.673847
0 5.73845 5.24167 1.62173 1.77192 9.56114 7.41112 2.1588 5.1389 3.78412 5.8123 5.3182 7.82912 5.93642 11.5743 4.06924 4.05473 4.53265 7.97742 11.6405 2.70016 1.45682 1.86836 4.81362 5.71725 3.23237 2.65902 9.55099 4.0132 5.43681 1.63244 10.7093 5.12523 2.0128 9.43807 1.79991 9.1878 11.2297 6.74151 4.25914 0.61944 0.189863 0.26733 0.804856 0.211237 0.29123 0.201887 0.802115 0.594003 0.2501 0.781896 0.74845 0.913526 0.474358 0.501292 0.632322 999 0.73928 0.25173 0.840662 0.704929 0.625875 0.412347 0.686297 0.808498 0.308181 0.468579 0.761546 0.319165 0.684916 0.585303 0.193249 0.240637 0.691249 0.754716 0.882721 0.378471 0.800004 0.466778 0.820665 0.0753859
0 5.31611 4.59301 0.939414 1.39433 9.11955 6.67463 1.48502 5.0642 3.13914 5.09364 4.70317 7.57119 5.1975 10.9528 3.379 4.49275 3.79337 7.25589 10.9779 3.35908 1.85936 2.36613 5.55286 5.29158 3.10703 3.20201 8.84045 3.69629 5.05205 2.3234 9.98519 4.43233 1.55354 8.97806 2.52116 8.52476 10.6102 6.13621 3.90003 0.680903 0.572449 0.483109 0.680834 0.564486 0.737582 0.672961 0.858974 0.174404 0.950493 0.688217 0.112357 0.204565 0.557698 0.2589 0.274075 0.73928 999 0.751021 0.134222 0.715721 0.677504 0.372382 0.501484 0.913841 0.979321 0.371221 0.538957 0.917448 0.68081 0.547504 0.778461 0.902723 0.816985 0.115024 0.914765 0.954909 0.906867 0.573233 0.0815655 0.755199
0 5.52385 5.33133 1.68312 1.9471 9.73906 7.36373 2.22814 4.88749 3.65132 5.84225 5.16525 8.04799 5.91805 11.6817 4.12874 4.28393 4.50944 8.00289 11.7225 2.86009 1.7018 2.09517 4.84815 5.89696 2.98416 2.50174 9.59067 4.21611 5.62688 1.57315 10.7304 5.02003 2.16934 9.61044 1.78254 9.26923 11.3382 6.85603 4.45332 0.832947 0.221287 0.386652 0.602599 0.384859 0.0451317 0.0917809 0.563285 0.650263 0.250271 0.575446 0.722148 0.884479 0.669187 0.570776 0.558606 0.25173 0.751021 999 0.819423 0.484745 0.409238 0.378811 0.852697 0.563093 0.247481 0.397376 0.594439 0.166966 0.471642 0.771591 0.0733471 0.182125 0.450104 0.80253 0.642756 0.205823 0.554801 0.286582 0.829936 0.32707
0 5.18605 4.56023 0.912534 1.45797 9.14245 6.57086 1.45347 4.96869 3.0079 5.02532 4.57034 7.63188 5.10547 10.9259 3.32966 4.62636 3.69882 7.18455 10.9359 3.48527 1.99346 2.5001 5.64883 5.3218 3.0097 3.22278 8.776 3.75275 5.09157 2.39027 9.91133 4.30839 1.5955 8.99677 2.60061 8.48329 10.584 6.11717 3.94758 0.814222 0.663191 0.595903 0.640068 0.680228 0.799645 0.749539 0.836851 0.306167 1.03612 0.653285 0.0972754 0.0747154 0.69161 0.384484 0.281105 0.840662 0.134222 0.819423 999 0.699817 0.675703 0.446177 0.629551 0.896436 1.0579 0.423416 0.496355 0.986151 0.666578 0.680858 0.856135 0.982913 0.812343 0.226884 0.883224 1.01776 0.890314 0.603572 0.100459 0.86417
0 5.04001 5.24018 1.60766 2.09651 9.83449 7.02662 2.14223 4.48651 3.21564 5.63497 4.70701 8.26677 5.62901 11.6098 3.98767 4.75943 4.21954 7.78067 11.5987 3.33412 2.15567 2.57218 5.20167 6.0073 2.55539 2.54071 9.39039 4.3994 5.76607 1.84023 10.496 4.61153 2.26824 9.69165 2.1021 9.14806 11.2688 6.8094 4.61035 1.14036 0.559101 0.675482 0.138008 0.730959 0.439748 0.50369 0.14526 0.729462 0.720342 0.106197 0.623791 0.732412 0.965466 0.70323 0.44173 0.704929 0.715721 0.484745 0.699817 999 0.0793105 0.476155 1.06845 0.198262 0.691474 0.414274 0.227561 0.582715 0.035311 1.03585 0.557953 0.649434 0.124893 0.818433 0.213854 0.571575 0.19153 0.252934 0.766601 0.775653
0 5.11743 5.22963 1.58786 2.04568 9.79621 7.06217 2.12655 4.56132 3.27301 5.64489 4.77116 8.21122 5.65445 11.5977 3.98471 4.68052 4.24448 7.794 11.5953 3.26397 2.0764 2.49349 5.15965 5.96596 2.63244 2.55053 9.40003 4.34726 5.72057 1.80984 10.512 4.6624 2.22467 9.65544 2.06346 9.14382 11.2563 6.79224 4.56185 1.06846 0.480435 0.600487 0.197248 0.653739 0.364521 0.424876 0.206962 0.67524 0.649015 0.16798 0.593208 0.715394 0.893273 0.642006 0.40491 0.625875 0.677504 0.409238 0.675703 0.0793105 999 0.40948 1.00439 0.246843 0.623909 0.352653 0.242614 0.516299 0.0627109 0.966878 0.482132 0.578051 0.139517 0.775065 0.28311 0.51023 0.238794 0.175938 0.734397 0.696414
