0 0 0 0 0 0 0 0 0 0 0 0 0
0 999 0.527359 0.609635 0.452127 0.450694 0.436041 2.6062 9.08524 6.20517 3.96809 8.90151 4.88131
0 0.527359 999 0.882352 0.563279 0.87165 0.600782 2.97781 8.92597 5.70446 3.54207 8.55521 5.12831
0 0.609635 0.882352 999 1.05876 0.27206 0.283067 2.0957 9.68984 6.52315 3.77959 9.4304 4.29137
0 0.452127 0.563279 1.05876 999 0.894472 0.849899 3.03371 8.63321 5.93889 4.09753 8.48421 5.33189
0 0.450694 0.87165 0.27206 0.894472 999 0.370519 2.15754 9.51781 6.57242 4.00971 9.34948 4.43915
0 0.436041 0.600782 0.283067 0.849899 0.370519 999 2.37837 9.45526 6.2509 3.65962 9.15351 4.54928
0 2.6062 2.97781 2.0957 3.03371 2.15754 2.37837 999 11.5477 8.53382 5.0065 11.507 2.47245
0 9.08524 8.92597 9.68984 8.63321 9.51781 9.45526 11.5477 999 7.32705 10.7937 3.61637 13.9488
0 6.20517 5.70446 6.52315 5.93889 6.57242 6.2509 8.53382 7.32705 999 4.84489 4.71292 10.1708
0 3.96809 3.54207 3.77959 4.09753 4.00971 3.65962 5.0065 10.7937 4.84489 999 9.19236 5.81326
0 8.90151 8.55521 9.4304 8.48421 9.34948 9.15351 11.507 3.61637 4.71292 9.19236 999 13.6425
0 4.88131 5.12831 4.29137 5.33189 4.43915 4.54928 2.47245 13.9488 10.1708 5.81326 13.6425 999