0 0 0 0 0 0 0 0 0 0 0 0 0 0 0 0 0 0 0 0 0 0 0 0 0 0 0 0 0 0 0 0 0
0 999 0.384929 0.614658 0.328138 0.0415795 0.381054 0.517483 0.197747 0.466208 0.36932 0.798549 0.648425 0.479483 0.34912 0.305524 0.197446 1.39215 0.902916 1.17051 1.23446 1.34869 0.732041 1.70838 1.58437 1.145 0.997108 1.06583 1.32674 1.51841 0.922979 1.31939 1.15173
0 0.384929 999 0.591822 0.321892 0.411514 0.705672 0.75052 0.397691 0.118106 0.425653 0.533563 0.520466 0.650555 0.677704 0.0987088 0.31737 1.48058 0.716496 1.11522 1.30504 1.14636 0.841401 1.56932 1.49448 1.16452 0.964546 1.17317 1.1135 1.42668 1.00932 1.13923 0.962582
0 0.614658 0.591822 999 0.310344 0.6548 0.576745 0.429137 0.422018 0.528768 0.24537 0.436356 0.166269 0.302159 0.573503 0.626996 0.42444 0.892978 0.375193 0.559091 0.715428 0.782746 0.305045 1.09819 0.970012 0.574243 0.390466 0.599665 0.772458 0.90386 0.433155 0.737152 0.588157
0 0.328138 0.321892 0.310344 999 0.369717 0.463639 0.446466 0.173686 0.308683 0.103815 0.495662 0.320306 0.333969 0.443753 0.33048 0.131128 1.17243 0.575629 0.867666 1.00067 1.02079 0.522291 1.38606 1.2735 0.877602 0.700765 0.858102 0.999569 1.20655 0.697082 0.991396 0.823682
0 0.0415795 0.411514 0.6548 0.369717 999 0.389287 0.540011 0.235721 0.498343 0.409434 0.838359 0.69 0.510006 0.357176 0.326869 0.238986 1.4228 0.944443 1.20974 1.26692 1.39025 0.764433 1.74933 1.62417 1.18094 1.03594 1.09619 1.36824 1.55834 0.95569 1.36095 1.19331
0 0.381054 0.705672 0.576745 0.463639 0.389287 999 0.220646 0.31369 0.744342 0.406303 0.936109 0.697833 0.289879 0.0321114 0.653448 0.393897 1.11963 0.946244 1.04688 0.986811 1.35732 0.514913 1.62846 1.46209 0.952011 0.873179 0.799461 1.34876 1.40187 0.693032 1.30695 1.16433
0 0.517483 0.75052 0.429137 0.446466 0.540011 0.220646 999 0.367048 0.754785 0.353208 0.84254 0.579468 0.13281 0.239148 0.725538 0.439953 0.906139 0.80318 0.838044 0.767991 1.1845 0.297476 1.42381 1.24947 0.732508 0.667769 0.582706 1.18144 1.19077 0.472409 1.12725 0.998089
0 0.197747 0.397691 0.422018 0.173686 0.235721 0.31369 0.367048 999 0.430687 0.178297 0.669332 0.477771 0.297841 0.288679 0.36039 0.080908 1.20408 0.7369 0.974393 1.04264 1.17765 0.541682 1.5196 1.38963 0.947926 0.800303 0.879219 1.15942 1.32407 0.731203 1.1425 0.979947
0 0.466208 0.118106 0.528768 0.308683 0.498343 0.744342 0.754785 0.430687 999 0.408088 0.416751 0.432335 0.641499 0.719172 0.213291 0.351166 1.42165 0.607905 1.02593 1.24361 1.03192 0.802717 1.46104 1.39455 1.09211 0.883284 1.12426 0.998123 1.32687 0.958254 1.02739 0.850715
0 0.36932 0.425653 0.24537 0.103815 0.409434 0.406303 0.353208 0.178297 0.408088 999 0.530091 0.30799 0.233684 0.392052 0.429762 0.182948 1.07619 0.566713 0.802245 0.906737 1.00301 0.421157 1.34165 1.21511 0.793104 0.630279 0.758825 0.986507 1.1491 0.599947 0.965755 0.805436
0 0.798549 0.533563 0.436356 0.495662 0.838359 0.936109 0.84254 0.669332 0.416751 0.530091 999 0.270514 0.709749 0.922087 0.622259 0.616649 1.21382 0.235172 0.715696 1.03578 0.618375 0.733114 1.06352 1.0274 0.850018 0.621982 0.974623 0.582653 0.961387 0.817109 0.621539 0.447008
0 0.648425 0.520466 0.166269 0.320306 0.69 0.697833 0.579468 0.477771 0.432335 0.30799 0.270514 999 0.447616 0.688755 0.578888 0.451145 1.01137 0.259332 0.595162 0.831419 0.701315 0.468016 1.07354 0.978695 0.666509 0.451776 0.73934 0.681818 0.910955 0.575042 0.671171 0.503861
0 0.479483 0.650555 0.302159 0.333969 0.510006 0.289879 0.13281 0.297841 0.641499 0.233684 0.709749 0.447616 999 0.294938 0.638825 0.35703 0.912868 0.677352 0.762061 0.758135 1.07254 0.256985 1.34017 1.17957 0.688716 0.586808 0.586392 1.06643 1.11792 0.4481 1.01958 0.882171
0 0.34912 0.677704 0.573503 0.443753 0.357176 0.0321114 0.239148 0.288679 0.719172 0.392052 0.922087 0.688755 0.294938 999 0.623727 0.368134 1.14255 0.939851 1.05569 1.00705 1.35567 0.529002 1.6351 1.47208 0.966878 0.881091 0.820895 1.34596 1.41121 0.710175 1.30694 1.16165
0 0.305524 0.0987088 0.626996 0.33048 0.326869 0.653448 0.725538 0.36039 0.213291 0.429762 0.622259 0.578888 0.638825 0.623727 999 0.285723 1.50281 0.792612 1.16823 1.3304 1.22913 0.850916 1.64241 1.5575 1.20088 1.01068 1.18814 1.19797 1.48974 1.02756 1.21799 1.04183
0 0.197446 0.31737 0.42444 0.131128 0.238986 0.393897 0.439953 0.080908 0.351166 0.182948 0.616649 0.451145 0.35703 0.368134 0.285723 999 1.24817 0.706717 0.983286 1.08219 1.1519 0.586734 1.51275 1.39386 0.974961 0.812443 0.92619 1.13066 1.32739 0.772399 1.12198 0.954737
0 1.39215 1.48058 0.892978 1.17243 1.4228 1.11963 0.906139 1.20408 1.42165 1.07619 1.21382 1.01137 0.912868 1.14255 1.50281 1.24817 999 1.00378 0.563318 0.180016 1.04164 0.662566 0.931442 0.696651 0.367774 0.594036 0.326738 1.07606 0.681682 0.476342 0.957714 0.975693
0 0.902916 0.716496 0.375193 0.575629 0.944443 0.946244 0.80318 0.7369 0.607905 0.566713 0.235172 0.259332 0.677352 0.939851 0.792612 0.706717 1.00378 999 0.48383 0.829661 0.446564 0.617168 0.853238 0.797671 0.636222 0.4106 0.796048 0.423942 0.730901 0.652458 0.426236 0.251794
0 1.17051 1.11522 0.559091 0.867666 1.20974 1.04688 0.838044 0.974393 1.02593 0.802245 0.715696 0.595162 0.762061 1.05569 1.16823 0.983286 0.563318 0.48383 999 0.414403 0.496016 0.545291 0.5876 0.418619 0.22385 0.17635 0.479595 0.523807 0.355928 0.426609 0.413332 0.412497
0 1.23446 1.30504 0.715428 1.00067 1.26692 0.986811 0.767991 1.04264 1.24361 0.906737 1.03578 0.831419 0.758135 1.00705 1.3304 1.08219 0.180016 0.829661 0.414403 999 0.907635 0.502502 0.872297 0.643414 0.199245 0.419061 0.191896 0.937542 0.612068 0.311554 0.824021 0.82087
0 1.34869 1.14636 0.782746 1.02079 1.39025 1.35732 1.1845 1.17765 1.03192 1.00301 0.618375 0.701315 1.07254 1.35567 1.22913 1.1519 1.04164 0.446564 0.496016 0.907635 999 0.934705 0.473325 0.527552 0.719775 0.579825 0.967966 0.0497743 0.478807 0.881469 0.0839804 0.1977
0 0.732041 0.841401 0.305045 0.522291 0.764433 0.514913 0.297476 0.541682 0.802717 0.421157 0.733114 0.468016 0.256985 0.529002 0.850916 0.586734 0.662566 0.617168 0.545291 0.502502 0.934705 999 1.1328 0.952891 0.437999 0.38135 0.339488 0.939552 0.895107 0.1914 0.868831 0.763078
0 1.70838 1.56932 1.09819 1.38606 1.74933 1.62846 1.42381 1.5196 1.46104 1.34165 1.06352 1.07354 1.34017 1.6351 1.64241 1.51275 0.931442 0.853238 0.5876 0.872297 0.473325 1.1328 999 0.234793 0.753685 0.756271 1.01382 0.521314 0.260919 1.00399 0.444959 0.616555
0 1.58437 1.49448 0.970012 1.2735 1.62417 1.46209 1.24947 1.38963 1.39455 1.21511 1.0274 0.978695 1.17957 1.47208 1.5575 1.39386 0.696651 0.797671 0.418619 0.643414 0.527552 0.952891 0.234793 999 0.543938 0.594966 0.79539 0.5766 0.0678072 0.805203 0.465265 0.601449
0 1.145 1.16452 0.574243 0.877602 1.18094 0.952011 0.732508 0.947926 1.09211 0.793104 0.850018 0.666509 0.688716 0.966878 1.20088 0.974961 0.367774 0.636222 0.22385 0.199245 0.719775 0.437999 0.753685 0.543938 999 0.228074 0.265343 0.746614 0.496482 0.266467 0.637182 0.622805
0 0.997108 0.964546 0.390466 0.700765 1.03594 0.873179 0.667769 0.800303 0.883284 0.630279 0.621982 0.451776 0.586808 0.881091 1.01068 0.812443 0.594036 0.4106 0.17635 0.419061 0.579825 0.38135 0.756271 0.594966 0.228074 999 0.407802 0.594616 0.531955 0.301787 0.505559 0.439709
0 1.06583 1.17317 0.599665 0.858102 1.09619 0.799461 0.582706 0.879219 1.12426 0.758825 0.974623 0.73934 0.586392 0.820895 1.18814 0.92619 0.326738 0.796048 0.479595 0.191896 0.967966 0.339488 1.01382 0.79539 0.265343 0.407802 999 0.989668 0.753942 0.166518 0.887651 0.845753
0 1.32674 1.1135 0.772458 0.999569 1.36824 1.34876 1.18144 1.15942 0.998123 0.986507 0.582653 0.681818 1.06643 1.34596 1.19797 1.13066 1.07606 0.423942 0.523807 0.937542 0.0497743 0.939552 0.521314 0.5766 0.746614 0.594616 0.989668 999 0.526912 0.896217 0.122437 0.184453
0 1.51841 1.42668 0.90386 1.20655 1.55834 1.40187 1.19077 1.32407 1.32687 1.1491 0.961387 0.910955 1.11792 1.41121 1.48974 1.32739 0.681682 0.730901 0.355928 0.612068 0.478807 0.895107 0.260919 0.0678072 0.496482 0.531955 0.753942 0.526912 999 0.75327 0.411484 0.539519
0 0.922979 1.00932 0.433155 0.697082 0.95569 0.693032 0.472409 0.731203 0.958254 0.599947 0.817109 0.575042 0.4481 0.710175 1.02756 0.772399 0.476342 0.652458 0.426609 0.311554 0.881469 0.1914 1.00399 0.805203 0.266467 0.301787 0.166518 0.896217 0.75327 999 0.806195 0.736383
0 1.31939 1.13923 0.737152 0.991396 1.36095 1.30695 1.12725 1.1425 1.02739 0.965755 0.621539 0.671171 1.01958 1.30694 1.21799 1.12198 0.957714 0.426236 0.413332 0.824021 0.0839804 0.868831 0.444959 0.465265 0.637182 0.505559 0.887651 0.122437 0.411484 0.806195 999 0.176695
0 1.15173 0.962582 0.588157 0.823682 1.19331 1.16433 0.998089 0.979947 0.850715 0.805436 0.447008 0.503861 0.882171 1.16165 1.04183 0.954737 0.975693 0.251794 0.412497 0.82087 0.1977 0.763078 0.616555 0.601449 0.622805 0.439709 0.845753 0.184453 0.539519 0.736383 0.176695 999