0 0 0 0 0 0 0 0 0 0 0 0 0 0 0 0 0 0 0 0 0 0 0 0 0 0 0 0 0 0 0 0 0 0 0 0 0 0 0 0 0 0 0 0 0 0 0 0 0 0 0 0 0 0 0 0 0 0 0 0 0 0 0 0 0 0 0 0 0 0 0 0 0 0 0 0 0 0 0 0 0 0 0 0 0 0 0 0 0 0 0 0 0 0 0 0 0 0 0 0 0 0 0 0 0 0 0 0 0 0 0 0 0 0 0 0 0 0 0 0 0 0 0 0 0 0 0 0 0 0 0 0 0 0 0 0 0 0 0 0 0 0 0 0 0 0 0 0 0 0 0 0 0 0 0 0 0 0 0 0 0 0 0 0 0 0 0 0 0 0 0 0 0 0 0 0 0 0 0 0 0 0 0 0 0 0 0 0 0 0 0 0 0 0 0 0 0 0 0 0 0
0 999 0.888751 0.540911 0.0359647 0.249549 0.782389 0.166639 0.345087 0.69027 0.722004 1.06108 0.594151 0.502313 0.853711 0.805511 0.451549 1.01749 0.842235 0.517096 1.00235 0.0271073 1.09981 0.732782 0.458832 0.270664 0.427427 0.84973 0.914543 0.660569 1.00184 0.546707 0.985796 0.779289 0.80079 0.987007 0.620145 0.576805 0.72537 0.753042 0.639314 0.55147 0.849505 0.713269 0.424109 0.509375 1.08648 0.470037 0.750797 0.60545 0.949651 0.400571 0.198992 0.977378 0.72252 1.06658 0.298852 0.805968 0.687322 0.608099 0.796077 0.797238 0.774958 0.942133 1.06672 0.786696 0.823813 0.898926 0.766521 0.850402 1.22631 0.733592 1.11347 0.524984 0.195425 0.512583 0.798258 0.535269 1.17517 0.688393 0.887396 0.819588 0.768901 0.0902768 1.17999 1.02791 0.800769 0.769425 0.960677 0.499788 0.641671 0.130502 0.998842 0.863408 0.297682 0.608135 0.577529 0.517366 0.0212176 0.341976 1.01202 3.02145 3.00707 3.12122 2.68938 2.96763 3.01959 2.97192 3.27175 3.31011 3.18158 3.48725 2.83586 3.32802 3.45294 3.10036 2.93588 3.55586 3.35706 3.41538 2.89359 3.03939 2.96748 2.91399 3.09397 2.91476 3.27958 2.722 2.98671 3.31252 2.58366 2.61218 3.16521 2.6759 3.39852 2.55963 3.00428 3.18225 3.01097 2.95659 3.63198 3.25336 3.41676 3.20058 2.72631 2.94265 2.903 2.77036 3.29288 3.2903 2.647 3.25688 3.11369 2.9586 3.30755 2.80136 2.73574 2.72085 2.8577 3.51683 3.313 3.23715 2.84814 2.68907 3.28811 2.97962 3.42162 2.54106 3.35176 2.96111 3.05163 3.16887 2.78065 3.60779 3.54517 3.50476 3.49671 3.16971 3.24849 2.9004 3.51558 3.09593 3.6061 2.8059 2.86585 3.39829 3.01422 2.935 2.84118 2.97644 3.56219 2.98323 3.54251 2.59946 3.03042 2.7413 2.90041 2.96471 2.86527 2.9225 3.34481
0 0.888751 999 0.577403 0.903933 0.659236 0.15091 0.725913 0.545917 0.292595 0.736682 0.546728 0.30552 0.638712 0.0461152 0.406582 0.462231 0.160558 0.335838 0.624305 0.173562 0.869325 0.484527 0.598554 0.441327 0.622059 0.511944 0.758991 0.262862 0.377112 0.833737 0.701167 0.47184 0.290703 0.514972 0.519154 0.459724 0.340294 0.322167 0.448401 0.250471 0.370182 0.715347 0.320332 0.478589 0.46132 0.450292 0.560569 0.270561 0.360498 0.54285 0.739092 0.776801 0.56328 0.537392 0.280934 0.752927 0.249445 0.63449 0.581212 0.166311 0.334219 0.597794 0.363537 0.192653 0.137734 0.571415 0.638018 0.560549 0.0487203 0.373413 0.423292 0.259811 0.65398 0.698504 0.547201 0.532103 0.507232 0.439896 0.387713 0.65462 0.0865584 0.31119 0.925489 0.396028 0.166301 0.658195 0.481575 0.343464 0.389044 0.537151 0.81406 0.235119 0.451086 0.764828 0.319264 0.571557 0.575466 0.878231 0.563023 0.297792 2.2806 2.31915 2.47427 1.9393 2.34639 2.31619 2.35096 2.66105 2.56266 2.55401 2.91346 2.09723 2.72838 2.87447 2.52923 2.28865 2.87229 2.72104 2.76751 2.2304 2.45021 2.28023 2.19348 2.45308 2.20254 2.54601 2.02577 2.29527 2.7323 1.89673 1.97669 2.50844 1.90811 2.73721 1.96789 2.31442 2.47295 2.28059 2.20735 2.91826 2.62492 2.69168 2.50377 1.98533 2.19911 2.16902 2.00763 2.55468 2.55128 1.95008 2.60015 2.52133 2.31084 2.58423 2.13244 2.12507 2.15208 2.14255 2.81066 2.73081 2.64931 2.19017 1.95884 2.56648 2.37588 2.82455 1.95971 2.71509 2.38789 2.28818 2.47025 2.19877 2.88336 2.86231 2.85595 2.92328 2.54985 2.60073 2.18816 2.80802 2.52183 2.89514 2.20373 2.15583 2.7256 2.24757 2.26332 2.22163 2.34057 2.85641 2.33859 2.88611 1.88037 2.43857 1.95557 2.16816 2.36151 2.19249 2.20003 2.59481
0 0.540911 0.577403 999 0.57312 0.462572 0.564546 0.451885 0.317903 0.2862 0.239399 0.530361 0.321117 0.695665 0.531387 0.296428 0.233566 0.636496 0.748353 0.696097 0.744934 0.513904 0.586902 0.838193 0.269577 0.407743 0.188945 0.344285 0.461027 0.206835 0.490533 0.125735 0.463666 0.668006 0.832184 0.455536 0.651977 0.471025 0.641487 0.754396 0.38684 0.473249 0.329253 0.628274 0.418018 0.536256 0.581413 0.599376 0.62672 0.543848 0.412905 0.19431 0.573406 0.439552 0.182482 0.626964 0.630698 0.663043 0.1617 0.735219 0.419599 0.712679 0.235867 0.448607 0.692265 0.558041 0.882862 0.359861 0.837312 0.56514 0.80506 0.722033 0.709375 0.725036 0.377658 0.627537 0.259005 0.0775433 0.692175 0.657364 0.3506 0.490853 0.31054 0.620877 0.718788 0.648401 0.270884 0.238448 0.475823 0.342224 0.729495 0.557277 0.566054 0.835149 0.2721 0.495795 0.703794 0.02528 0.544454 0.271628 0.5518 2.4911 2.46894 2.58052 2.16294 2.42673 2.4831 2.43103 2.73117 2.78001 2.64068 2.9489 2.30593 2.78788 2.91419 2.56152 2.39533 3.01645 2.81615 2.87457 2.3538 2.4994 2.42938 2.38032 2.55316 2.3798 2.74684 2.18562 2.44897 2.77343 2.04673 2.07159 2.62479 2.15443 2.85808 2.01896 2.46634 2.64606 2.47862 2.42839 3.09535 2.71246 2.8822 2.66289 2.1975 2.41323 2.37179 2.24672 2.76096 2.75854 2.11101 2.71638 2.57365 2.41804 2.77301 2.26212 2.19486 2.18138 2.32341 2.97952 2.77378 2.69749 2.30815 2.15823 2.75336 2.43902 2.8817 2.00067 2.81085 2.42187 2.52653 2.63145 2.24061 3.07268 3.00572 2.96393 2.9584 2.62887 2.70774 2.36551 2.97843 2.55688 3.06918 2.26519 2.33076 2.85837 2.49021 2.39569 2.30027 2.4356 3.02475 2.44257 3.00182 2.06707 2.49029 2.22531 2.36888 2.42411 2.32618 2.38912 2.81514
0 0.0359647 0.903933 0.57312 999 0.254724 0.793391 0.178129 0.363912 0.71378 0.757109 1.0907 0.613088 0.490686 0.870019 0.833817 0.474314 1.03578 0.844105 0.506223 1.01283 0.0618876 1.12736 0.722456 0.479307 0.282535 0.453433 0.884615 0.938348 0.687111 1.03675 0.58167 1.01456 0.78343 0.794663 1.01685 0.617935 0.58596 0.728768 0.74991 0.655684 0.559697 0.883864 0.717017 0.433739 0.511536 1.11334 0.465397 0.756359 0.610532 0.980358 0.435966 0.185844 1.00827 0.754209 1.08848 0.282551 0.811718 0.721056 0.598827 0.816397 0.799244 0.80778 0.968574 1.08422 0.798297 0.815352 0.931832 0.758141 0.864485 1.24611 0.73177 1.13264 0.512026 0.218334 0.507376 0.829658 0.564936 1.19986 0.688969 0.92065 0.836758 0.794275 0.0543709 1.20293 1.04603 0.834532 0.799726 0.986377 0.515801 0.634615 0.118195 1.02068 0.860475 0.333181 0.616638 0.569177 0.549311 0.0291854 0.365179 1.03568 3.05005 3.03746 3.15281 2.71737 2.99973 3.0495 3.00404 3.30427 3.33862 3.21367 3.52059 2.86442 3.36079 3.48618 3.13357 2.96734 3.58668 3.38904 3.44711 2.9246 3.07222 2.99786 2.94326 3.12569 2.94431 3.3086 2.75192 3.01698 3.34567 2.61374 2.64368 3.19657 2.70313 3.42989 2.59207 3.03461 3.21207 3.03995 2.98482 3.66188 3.28547 3.44617 3.23082 2.75469 2.97109 2.93178 2.79788 3.32174 3.31912 2.67683 3.2883 3.1465 2.99006 3.33697 2.83215 2.76792 2.75387 2.88711 3.54693 3.34611 3.27012 2.87926 2.71781 3.31757 3.01212 3.45449 2.5737 3.38373 2.9942 3.07932 3.19903 2.81346 3.63731 3.576 3.5365 3.53006 3.20196 3.28013 2.92995 3.54564 3.12908 3.63609 2.83831 2.89544 3.42935 3.04174 2.96582 2.87324 3.00821 3.59232 3.01479 3.57407 2.62853 3.06319 2.76774 2.92925 2.99721 2.896 2.95171 3.37323
0 0.249549 0.659236 0.462572 0.254724 999 0.541265 0.0884404 0.158341 0.508192 0.691248 0.923469 0.386009 0.295652 0.628636 0.660718 0.279024 0.799508 0.593008 0.305554 0.759731 0.238615 0.940797 0.510608 0.268109 0.0562521 0.287527 0.805773 0.728894 0.504821 0.953104 0.525324 0.840616 0.529806 0.563916 0.853507 0.376145 0.332418 0.475823 0.509778 0.417146 0.305502 0.791751 0.463727 0.181871 0.260399 0.921537 0.235337 0.501882 0.356224 0.827414 0.414087 0.127857 0.856674 0.622433 0.866679 0.168315 0.557187 0.624249 0.385112 0.590737 0.54798 0.689997 0.776248 0.845005 0.546975 0.593504 0.810247 0.536728 0.617417 1.014 0.48819 0.898869 0.323674 0.131237 0.278138 0.690397 0.422067 0.992178 0.440203 0.805289 0.598382 0.598608 0.267828 0.985348 0.809071 0.732055 0.648431 0.788326 0.279767 0.409772 0.154832 0.799341 0.619245 0.339136 0.362511 0.351982 0.437466 0.233685 0.19298 0.823788 2.86139 2.86487 2.99292 2.52463 2.84661 2.87231 2.85102 3.15579 3.14873 3.0598 3.38397 2.67577 3.21584 3.34802 2.99575 2.80645 3.41742 3.23344 3.2882 2.75881 2.92882 2.8253 2.76045 2.96747 2.76402 3.12302 2.57548 2.84324 3.20634 2.43924 2.48418 3.03397 2.50487 3.26687 2.44458 2.86143 3.03369 2.85449 2.79332 3.48349 3.13168 3.26364 3.05632 2.56488 2.78132 2.74481 2.60154 3.13474 3.13186 2.49979 3.1261 3.00259 2.82914 3.15466 2.66417 2.6164 2.61418 2.70569 3.37058 3.2062 3.12818 2.71475 2.53109 3.13574 2.86415 3.31071 2.42897 3.22791 2.85493 2.88364 3.02387 2.67048 3.45549 3.40693 3.37764 3.39359 3.05031 3.12058 2.74958 3.36885 2.99037 3.45849 2.68971 2.71559 3.26289 2.84493 2.79772 2.71985 2.85086 3.41622 2.85491 3.41305 2.44468 2.91897 2.56403 2.7428 2.84931 2.72723 2.76833 3.18262
0 0.782389 0.15091 0.564546 0.793391 0.541265 999 0.616192 0.451676 0.308807 0.760542 0.660243 0.249131 0.489727 0.150898 0.472255 0.39525 0.311423 0.217542 0.474841 0.220166 0.765609 0.613094 0.453036 0.365515 0.511771 0.452635 0.806735 0.37635 0.391088 0.902708 0.690039 0.57855 0.153264 0.378624 0.620574 0.308827 0.209724 0.174314 0.306442 0.181742 0.238344 0.767143 0.17098 0.359868 0.319657 0.580627 0.415785 0.124606 0.214583 0.633346 0.697082 0.650911 0.657568 0.573116 0.428113 0.616707 0.121671 0.657159 0.430346 0.230689 0.201995 0.643046 0.47259 0.339913 0.014611 0.436298 0.707555 0.418721 0.102413 0.522133 0.27873 0.409897 0.504057 0.601065 0.399329 0.587595 0.487958 0.585396 0.238063 0.720075 0.155991 0.367208 0.809016 0.545561 0.316834 0.704709 0.53257 0.459879 0.295906 0.386776 0.694811 0.375898 0.329827 0.702943 0.182575 0.420778 0.55608 0.769604 0.480304 0.432823 2.43139 2.46968 2.62368 2.09006 2.49453 2.46698 2.49908 2.80905 2.71325 2.70269 3.05977 2.24808 2.8759 3.021 2.6748 2.43789 3.02294 2.87023 2.91718 2.38019 2.59675 2.43073 2.34439 2.60223 2.35339 2.69683 2.17632 2.44586 2.87874 2.04696 2.12496 2.65823 2.05844 2.88729 2.11357 2.46499 2.62382 2.43148 2.35803 3.06916 2.77371 2.84257 2.65452 2.13618 2.34988 2.3199 2.15806 2.70545 2.70203 2.10061 2.75 2.66817 2.46012 2.73513 2.28232 2.27228 2.29669 2.29342 2.96155 2.87736 2.79608 2.33973 2.10975 2.71739 2.52314 2.97204 2.10467 2.8643 2.53334 2.43843 2.62102 2.34437 3.03423 3.01294 3.0057 3.06958 2.69817 2.75027 2.33901 2.95891 2.66757 3.04604 2.3506 2.30665 2.87598 2.39773 2.41341 2.36949 2.48939 3.0073 2.48778 3.03612 2.03122 2.58525 2.10506 2.31905 2.50871 2.34255 2.35094 2.74533
0 0.166639 0.725913 0.451885 0.178129 0.0884404 0.616192 999 0.190802 0.546782 0.666805 0.943962 0.438039 0.37519 0.692386 0.682524 0.308065 0.85936 0.679473 0.386773 0.836004 0.152575 0.971018 0.595965 0.307594 0.104562 0.299008 0.78756 0.770977 0.529979 0.937947 0.494327 0.864 0.61449 0.652003 0.871776 0.464577 0.410167 0.561302 0.598212 0.478235 0.384907 0.778562 0.548911 0.257475 0.347615 0.954436 0.322377 0.58508 0.44025 0.840607 0.36737 0.126418 0.869422 0.624069 0.916704 0.210131 0.640102 0.610909 0.470172 0.642621 0.634425 0.6863 0.808848 0.907152 0.620774 0.680671 0.809337 0.623717 0.686356 1.07105 0.57648 0.956986 0.401879 0.0767939 0.365332 0.69619 0.425404 1.03399 0.527739 0.801702 0.659629 0.632045 0.203243 1.03297 0.869446 0.722419 0.659397 0.824111 0.338344 0.49689 0.108282 0.848933 0.70762 0.279657 0.44152 0.437502 0.426687 0.153441 0.203632 0.867626 2.89502 2.89084 3.0132 2.56012 2.86383 2.90043 2.8682 3.17117 3.18307 3.07747 3.39445 2.7093 3.22974 3.35913 3.00652 2.82708 3.4421 3.25195 3.30818 2.78161 2.94191 2.85124 2.79119 2.987 2.79356 3.15525 2.6031 2.86974 3.21786 2.46586 2.50398 3.05549 2.54316 3.28868 2.45908 2.88768 3.06245 2.88656 2.82832 3.51242 3.14935 3.29445 3.08327 2.59893 2.81546 2.77756 2.63889 3.16766 3.16491 2.52764 3.14748 3.01594 2.84979 3.18533 2.68791 2.63278 2.62548 2.73574 3.39852 3.21797 3.14076 2.73695 2.56361 3.16617 2.87915 3.32416 2.44227 3.24651 2.86623 2.92077 3.05111 2.68322 3.48603 3.43153 3.39764 3.40401 3.06701 3.14077 2.77915 3.39699 3.00152 3.48704 2.70487 2.74489 3.28624 2.88262 2.8216 2.73711 2.86994 3.44406 2.87512 3.43403 2.47575 2.9324 2.60518 2.77529 2.86427 2.75138 2.79935 3.21733
0 0.345087 0.545917 0.317903 0.363912 0.158341 0.451676 0.190802 999 0.356867 0.554537 0.765493 0.249262 0.384623 0.509501 0.502739 0.121392 0.672437 0.558451 0.387632 0.670822 0.324306 0.785498 0.558303 0.116805 0.102834 0.132937 0.661858 0.580579 0.347212 0.805802 0.400544 0.68309 0.483823 0.581191 0.695265 0.387056 0.262993 0.437811 0.512415 0.295544 0.245945 0.644058 0.42415 0.131797 0.258965 0.767435 0.294358 0.447982 0.316072 0.669153 0.32082 0.284082 0.698433 0.467445 0.726076 0.320219 0.499741 0.478427 0.442043 0.452692 0.514821 0.537119 0.621835 0.721686 0.45372 0.622823 0.655462 0.570119 0.50976 0.882196 0.484101 0.768814 0.414345 0.152587 0.329151 0.533632 0.268374 0.843815 0.424243 0.651735 0.474743 0.444307 0.393759 0.842173 0.682833 0.582387 0.490586 0.635643 0.158017 0.448813 0.294363 0.658287 0.613149 0.280896 0.29592 0.408619 0.293708 0.336605 0.0531724 0.67702 2.70826 2.7086 2.83528 2.37246 2.68852 2.71677 2.69293 2.99755 2.996 2.90177 3.22566 2.52257 3.05752 3.1897 2.83743 2.64886 3.26082 3.07553 3.13052 2.60167 2.77048 2.66902 2.60595 2.8097 2.60901 2.96922 2.41973 2.68714 3.048 2.28314 2.32642 2.87657 2.35438 3.10954 2.28628 2.70525 2.87841 2.7006 2.64091 3.32831 2.97365 3.10922 2.90039 2.41193 2.62844 2.59123 2.45047 2.98128 2.97846 2.34411 2.96867 2.84426 2.67155 3.00017 2.50725 2.45822 2.45585 2.55089 3.21502 3.04786 2.96984 2.55747 2.37737 2.98114 2.70588 3.15239 2.27064 3.07001 2.69661 2.73246 2.86803 2.51214 3.30096 3.2503 3.21997 3.23528 2.89217 2.96292 2.59459 3.21336 2.83205 3.30316 2.53144 2.56049 3.10592 2.6941 2.64085 2.56177 2.69301 3.26063 2.69724 3.25556 2.29029 2.76064 2.4155 2.5891 2.69104 2.57043 2.61395 3.03008
0 0.69027 0.292595 0.2862 0.71378 0.508192 0.308807 0.546782 0.356867 999 0.454262 0.43455 0.142229 0.622453 0.246481 0.187956 0.239659 0.358306 0.518493 0.615123 0.463214 0.666419 0.435279 0.688041 0.240932 0.456427 0.267032 0.498702 0.224625 0.0856633 0.602651 0.408858 0.34795 0.442789 0.647068 0.373608 0.504408 0.312442 0.435101 0.567576 0.170277 0.331933 0.460334 0.424412 0.363782 0.428778 0.414145 0.523632 0.403325 0.379587 0.366168 0.45948 0.636048 0.394407 0.264365 0.378896 0.650471 0.424231 0.350749 0.616633 0.134 0.492238 0.335391 0.269854 0.413459 0.298691 0.703634 0.411706 0.670279 0.285608 0.547706 0.534972 0.441636 0.647471 0.495538 0.533407 0.285336 0.220358 0.487226 0.474659 0.420786 0.20644 0.0952616 0.748265 0.489846 0.370054 0.396911 0.229461 0.280189 0.245114 0.591679 0.651214 0.311859 0.622492 0.502727 0.320499 0.592624 0.286599 0.685251 0.348623 0.321897 2.3532 2.35924 2.49231 2.0166 2.34997 2.36544 2.35443 2.66133 2.64058 2.56228 2.89716 2.16757 2.72353 2.86018 2.50916 2.30564 2.91246 2.73467 2.78764 2.2558 2.43833 2.31971 2.25263 2.46774 2.25657 2.61489 2.06899 2.33729 2.71799 1.93343 1.98478 2.53201 1.99772 2.76444 1.95289 2.35562 2.5265 2.3464 2.28523 2.97614 2.63406 2.75574 2.55001 2.05669 2.27315 2.23665 2.09402 2.62656 2.62367 1.9932 2.6242 2.51154 2.32827 2.64682 2.1604 2.12136 2.1276 2.19808 2.86368 2.71744 2.63817 2.21238 2.02296 2.62795 2.37071 2.81899 1.93937 2.72903 2.36772 2.37606 2.5174 2.18117 2.94764 2.90204 2.877 2.90687 2.5541 2.61993 2.24213 2.86185 2.50313 2.9513 2.19636 2.20825 2.75905 2.33757 2.29373 2.22337 2.35181 2.90936 2.35452 2.91136 1.93683 2.42792 2.05865 2.23467 2.35595 2.22307 2.26045 2.67451
0 0.722004 0.736682 0.239399 0.757109 0.691248 0.760542 0.666805 0.554537 0.454262 999 0.478355 0.536025 0.934863 0.691666 0.353275 0.472108 0.750132 0.961087 0.935459 0.910195 0.695291 0.570215 1.07411 0.507273 0.638427 0.428089 0.12937 0.544564 0.369821 0.2805 0.175735 0.446517 0.881955 1.06142 0.413056 0.886698 0.70026 0.862263 0.982472 0.595972 0.705732 0.142636 0.849669 0.657327 0.774091 0.579378 0.838773 0.840854 0.773858 0.356502 0.322099 0.792418 0.371589 0.20139 0.697026 0.859232 0.870377 0.103533 0.973691 0.570372 0.929205 0.162699 0.487179 0.803801 0.751404 1.11389 0.238577 1.07052 0.737289 0.872317 0.949684 0.798851 0.964285 0.590095 0.866725 0.236352 0.30726 0.708777 0.88527 0.21605 0.654134 0.428426 0.809394 0.757537 0.761585 0.129272 0.268775 0.520864 0.576246 0.966217 0.765755 0.6505 1.05594 0.425058 0.722113 0.942566 0.262044 0.730521 0.505667 0.612425 2.3845 2.33976 2.4347 2.06688 2.27408 2.36001 2.27824 2.57189 2.67254 2.48766 2.77709 2.20142 2.62473 2.74393 2.39214 2.25195 2.8794 2.66418 2.72604 2.21681 2.33588 2.30051 2.26617 2.40557 2.26204 2.63331 2.06449 2.32149 2.60475 1.92457 1.92925 2.48191 2.06778 2.71438 1.86283 2.33798 2.52321 2.36734 2.32685 2.96951 2.559 2.76332 2.53471 2.09623 2.30918 2.26392 2.15538 2.64937 2.64737 1.99165 2.57249 2.41031 2.27454 2.6546 2.12873 2.04197 2.01568 2.20786 2.85166 2.60566 2.53165 2.16992 2.05265 2.63444 2.28063 2.71702 1.84159 2.65915 2.25451 2.43056 2.50439 2.07801 2.95158 2.86851 2.81493 2.78643 2.47348 2.5608 2.24799 2.85115 2.38838 2.94244 2.10853 2.21286 2.71877 2.3965 2.26127 2.14875 2.28774 2.8963 2.29765 2.8551 1.95835 2.32768 2.14714 2.26024 2.26572 2.19323 2.27569 2.70847
0 1.06108 0.546728 0.530361 1.0907 0.923469 0.660243 0.943962 0.765493 0.43455 0.478355 999 0.576621 1.05611 0.52002 0.26276 0.644445 0.45553 0.87374 1.04809 0.690359 1.03464 0.110731 1.09857 0.658654 0.868326 0.644954 0.401663 0.285754 0.418826 0.379111 0.585096 0.0868799 0.813391 1.03717 0.0748246 0.924305 0.73981 0.825407 0.96169 0.59246 0.7623 0.358682 0.817996 0.796149 0.861466 0.137785 0.95785 0.781349 0.800361 0.124381 0.715819 1.04945 0.106832 0.351547 0.335893 1.0769 0.779972 0.429884 1.04215 0.434233 0.862205 0.330147 0.187672 0.490403 0.645975 1.09504 0.245437 1.07192 0.57881 0.469624 0.931322 0.445304 1.08049 0.879008 0.965867 0.276161 0.525834 0.263096 0.878699 0.270448 0.504745 0.339491 1.13391 0.332144 0.462689 0.349094 0.293001 0.203348 0.678218 1.01156 1.05214 0.333807 0.988407 0.802151 0.741606 1.02073 0.550842 1.06154 0.740818 0.267105 1.96187 1.94765 2.07004 1.63269 1.92317 1.95886 1.92758 2.23278 2.25073 2.13633 2.46473 1.77651 2.29358 2.42811 2.07654 1.88371 2.4983 2.31004 2.36521 1.83766 2.0073 1.90804 1.85302 2.04429 1.85369 2.21889 1.66129 1.92686 2.28608 1.52332 1.56104 2.1118 1.62428 2.34492 1.52234 1.94464 2.12138 1.95039 1.89847 2.57122 2.20821 2.3557 2.1406 1.66769 1.88365 1.84292 1.71637 2.23252 2.23001 1.58615 2.20384 2.08083 1.90642 2.24649 1.744 1.69316 1.69484 1.79664 2.45646 2.2857 2.20697 1.79307 1.62914 2.22703 1.94139 2.38872 1.50772 2.30452 1.93527 1.9962 2.10868 1.7495 2.54672 2.4877 2.45467 2.47441 2.12693 2.19766 1.83933 2.45511 2.07074 2.54548 1.76693 1.80479 2.34228 1.95985 1.87769 1.79642 1.92754 2.5019 1.93198 2.49056 1.5388 1.99718 1.69633 1.84017 1.92657 1.80752 1.86159 2.28571
0 0.594151 0.30552 0.321117 0.613088 0.386009 0.249131 0.438039 0.249262 0.142229 0.536025 0.576621 999 0.480301 0.265293 0.327358 0.156796 0.423418 0.428077 0.473194 0.451479 0.572801 0.572386 0.557891 0.137328 0.339144 0.208967 0.60427 0.346634 0.18874 0.722974 0.445169 0.489916 0.347994 0.529498 0.51569 0.370943 0.176782 0.326261 0.449818 0.0674495 0.192724 0.571207 0.313757 0.226293 0.287178 0.54889 0.381403 0.306679 0.248293 0.506209 0.448798 0.5125 0.534843 0.370929 0.480818 0.51653 0.341944 0.435555 0.478524 0.205176 0.394046 0.446618 0.407389 0.473427 0.245038 0.584037 0.539143 0.545483 0.276442 0.63316 0.416851 0.519564 0.50551 0.399972 0.391764 0.409624 0.243597 0.608476 0.353398 0.544854 0.22817 0.237132 0.641205 0.599359 0.433944 0.505766 0.354915 0.413496 0.108826 0.45711 0.536418 0.413378 0.51993 0.46247 0.191418 0.453162 0.310088 0.585865 0.259164 0.439385 2.48131 2.49333 2.62961 2.14321 2.48881 2.49802 2.49328 2.80068 2.76788 2.70076 3.03796 2.29591 2.86338 3.00082 2.65007 2.44293 3.04699 2.87266 2.92489 2.39195 2.57862 2.45385 2.38329 2.60544 2.38818 2.74406 2.20223 2.47105 2.85859 2.06752 2.1228 2.66864 2.12148 2.90075 2.09311 2.48953 2.65849 2.47589 2.41213 3.10773 2.7725 2.88599 2.68329 2.18464 2.40085 2.36564 2.21871 2.75513 2.75213 2.12634 2.76084 2.6517 2.46552 2.77725 2.29609 2.26074 2.26861 2.32935 2.99605 2.85797 2.7785 2.34891 2.15233 2.75859 2.5104 2.95894 2.07998 2.86698 2.50858 2.50082 2.65049 2.32175 3.078 3.03663 3.01418 3.04768 2.693 2.75719 2.37374 2.99408 2.64394 3.08317 2.33613 2.34009 2.89449 2.46177 2.42921 2.3623 2.48981 3.04177 2.49198 3.04802 2.06753 2.56811 2.17915 2.36388 2.49567 2.35845 2.39088 2.80145
0 0.502313 0.638712 0.695665 0.490686 0.295652 0.489727 0.37519 0.384623 0.622453 0.934863 1.05611 0.480301 999 0.626926 0.806413 0.467014 0.798549 0.424694 0.0188131 0.671065 0.502262 1.04308 0.232337 0.435768 0.327236 0.506783 1.03453 0.80572 0.657982 1.17157 0.785147 0.969259 0.395768 0.317286 0.995991 0.192158 0.322037 0.342168 0.294635 0.46759 0.296245 1.0113 0.336973 0.281121 0.195257 1.01619 0.100339 0.390186 0.279594 0.984977 0.695528 0.304855 1.01391 0.819996 0.902867 0.212851 0.438241 0.8514 0.113383 0.646306 0.386184 0.894753 0.881024 0.829608 0.501786 0.328449 1.00303 0.27215 0.590089 1.01167 0.28959 0.898516 0.029737 0.426546 0.0933778 0.874178 0.634455 1.05227 0.278052 1.00426 0.612836 0.716893 0.473829 1.02386 0.804896 0.946934 0.822879 0.881885 0.386892 0.159904 0.373057 0.842205 0.399661 0.631046 0.329978 0.0920333 0.672836 0.481844 0.436944 0.886702 2.91688 2.94655 3.09241 2.57595 2.95656 2.94674 2.96107 3.26981 3.20001 3.16718 3.51184 2.73285 3.3341 3.47419 3.12449 2.90593 3.50053 3.33734 3.38713 2.85158 3.05098 2.90734 2.82669 3.06949 2.83435 3.18187 2.65372 2.92334 3.33184 2.5219 2.58856 3.12929 2.54625 3.36007 2.56562 2.94223 3.10503 2.91552 2.84441 3.55201 3.23869 3.32669 3.13363 2.62099 2.83554 2.80419 2.64555 3.1911 3.18778 2.57781 3.22137 3.12359 2.92838 3.21879 2.75454 2.73044 2.74356 2.77469 3.44299 3.33098 3.25087 2.80978 2.59288 3.20077 2.98085 3.42994 2.55375 3.33154 2.98287 2.92643 3.10036 2.79522 3.51858 3.49037 3.47613 3.52159 3.16076 3.21966 2.81992 3.44058 3.11804 3.52842 2.80698 2.78708 3.35107 2.88595 2.88677 2.83048 2.95498 3.48877 2.95543 3.50828 2.51224 3.04013 2.59428 2.80309 2.96621 2.81586 2.83358 3.23241
0 0.853711 0.0461152 0.531387 0.870019 0.628636 0.150898 0.692386 0.509501 0.246481 0.691666 0.52002 0.265293 0.626926 999 0.36544 0.421381 0.175116 0.354757 0.613421 0.218646 0.833646 0.465278 0.603934 0.402168 0.58925 0.469627 0.716416 0.234292 0.331056 0.794771 0.655072 0.442086 0.300956 0.527031 0.487715 0.45446 0.318461 0.325172 0.456672 0.21442 0.348241 0.673237 0.321398 0.449723 0.443473 0.432066 0.544326 0.275313 0.347337 0.50812 0.69425 0.748597 0.529738 0.492943 0.279087 0.729752 0.263226 0.589247 0.576914 0.121578 0.347491 0.554527 0.334035 0.216638 0.136401 0.584321 0.598686 0.569076 0.0588625 0.391862 0.429486 0.276344 0.643941 0.661914 0.53427 0.489982 0.461506 0.435067 0.388035 0.614565 0.040723 0.26775 0.89335 0.398467 0.183296 0.615243 0.438612 0.317051 0.354227 0.53534 0.783206 0.225046 0.469997 0.721867 0.300899 0.564699 0.529636 0.843843 0.524091 0.282505 2.28997 2.32332 2.47508 1.94903 2.34479 2.32183 2.34934 2.65922 2.57314 2.55335 2.90921 2.10603 2.72579 2.8705 2.52409 2.28912 2.87694 2.72136 2.7689 2.23214 2.44628 2.28427 2.20059 2.45334 2.20883 2.55502 2.0301 2.29973 2.72822 1.89983 1.97535 2.51016 1.9198 2.73971 1.9629 2.31877 2.47943 2.28886 2.2175 2.92577 2.62446 2.70003 2.50911 1.99415 2.20862 2.17746 2.01893 2.56418 2.56086 1.95429 2.60203 2.51779 2.31139 2.59226 2.13446 2.12207 2.14585 2.14901 2.81732 2.72688 2.64567 2.19135 1.96645 2.57432 2.37293 2.82192 1.95387 2.71546 2.3826 2.30004 2.4757 2.19367 2.89188 2.86688 2.85755 2.91901 2.54855 2.60184 2.19442 2.81481 2.51689 2.90236 2.20025 2.1618 2.72908 2.25973 2.26589 2.2196 2.34018 2.86309 2.33894 2.88839 1.88663 2.43482 1.96954 2.17642 2.35849 2.19501 2.20735 2.6056
0 0.805511 0.406582 0.296428 0.833817 0.660718 0.472255 0.682524 0.502739 0.187956 0.353275 0.26276 0.327358 0.806413 0.36544 999 0.381696 0.397703 0.688933 0.799984 0.577612 0.779545 0.295645 0.875156 0.396697 0.605572 0.383817 0.353972 0.191455 0.156351 0.431664 0.385662 0.181513 0.617499 0.8298 0.193864 0.692276 0.500315 0.616281 0.7509 0.357451 0.51919 0.30937 0.606469 0.538283 0.614439 0.286546 0.706708 0.580004 0.567384 0.178853 0.490587 0.786731 0.207572 0.156577 0.349259 0.815155 0.593037 0.261904 0.80439 0.247774 0.667482 0.197792 0.153066 0.450824 0.459825 0.886962 0.235706 0.855799 0.419447 0.527676 0.718675 0.446883 0.832214 0.619415 0.718943 0.12697 0.272998 0.396186 0.659893 0.249857 0.334131 0.105365 0.875253 0.427533 0.409007 0.255232 0.0845492 0.182517 0.422122 0.779595 0.790513 0.29824 0.797915 0.564303 0.508215 0.779976 0.311945 0.804637 0.47901 0.267155 2.21624 2.20832 2.33265 1.88388 2.1859 2.2182 2.19031 2.49531 2.5048 2.39908 2.7258 2.0306 2.5558 2.68944 2.33756 2.14627 2.75971 2.57279 2.62785 2.09968 2.26921 2.16872 2.11015 2.30699 2.11187 2.47508 1.92078 2.18723 2.54753 1.78339 1.82372 2.37418 1.87122 2.60724 1.78452 2.20516 2.38039 2.2064 2.1511 2.83035 2.47096 2.61328 2.4008 1.9209 2.13728 2.09804 1.96519 2.48805 2.48541 1.8454 2.46626 2.34284 2.16897 2.5041 2.00567 1.95578 1.95584 2.05433 2.71618 2.54724 2.46878 2.05527 1.88407 2.48482 2.2038 2.65084 1.76947 2.56727 2.19644 2.24628 2.36868 2.01117 2.80465 2.74915 2.71731 2.73546 2.38962 2.46028 2.09748 2.7147 2.33192 2.80485 2.02935 2.06311 2.60416 2.20904 2.13933 2.05914 2.19028 2.7617 2.1946 2.75306 1.79511 2.2592 1.93864 2.09556 2.18898 2.06904 2.11848 2.53943
0 0.451549 0.462231 0.233566 0.474314 0.279024 0.39525 0.308065 0.121392 0.239659 0.472108 0.644445 0.156796 0.467014 0.421381 0.381696 999 0.573439 0.544134 0.465997 0.605641 0.42829 0.664471 0.605489 0.0376261 0.224081 0.059827 0.567572 0.464281 0.225891 0.705454 0.341031 0.561769 0.464566 0.605765 0.574676 0.420641 0.250182 0.428835 0.529922 0.218198 0.246616 0.544625 0.415082 0.186403 0.302749 0.646926 0.368743 0.424605 0.319671 0.550129 0.307835 0.405424 0.579488 0.357683 0.615104 0.436278 0.469574 0.384766 0.501716 0.347298 0.504174 0.430612 0.501289 0.625298 0.393611 0.654308 0.544602 0.606809 0.432796 0.7773 0.498419 0.666186 0.495923 0.256316 0.394911 0.419403 0.167568 0.726631 0.434249 0.543054 0.383327 0.324107 0.508714 0.728672 0.584423 0.480698 0.373593 0.516061 0.117261 0.496392 0.414029 0.547404 0.618688 0.308148 0.279246 0.470463 0.213244 0.44591 0.109606 0.56147 2.58779 2.58725 2.71403 2.25242 2.56759 2.59554 2.572 2.87688 2.87567 2.78078 3.10597 2.40209 2.93711 3.06986 2.71772 2.52759 3.13943 2.95443 3.00928 2.48029 2.65025 2.54766 2.485 2.68851 2.48792 2.8485 2.29846 2.56581 2.92808 2.1618 2.20523 2.75524 2.23511 2.9882 2.16583 2.5839 2.75723 2.57985 2.52073 3.20715 2.85265 2.98828 2.77908 2.29156 2.50808 2.4706 2.33092 2.86067 2.85788 2.22286 2.84735 2.72397 2.55028 2.87921 2.38586 2.33743 2.33607 2.42985 3.09378 2.92789 2.84969 2.43612 2.2567 2.86015 2.58529 3.03205 2.15043 2.9489 2.57679 2.61283 2.74674 2.39202 3.17998 3.12891 3.09873 3.1156 2.77131 2.84168 2.47349 3.09213 2.71225 3.18197 2.41084 2.43937 2.98453 2.57463 2.51946 2.44084 2.57187 3.13938 2.576 3.13426 2.16938 2.64034 2.29723 2.46842 2.57045 2.44903 2.49304 2.90984
0 1.01749 0.160558 0.636496 1.03578 0.799508 0.311423 0.85936 0.672437 0.358306 0.750132 0.45553 0.423418 0.798549 0.175116 0.397703 0.573439 999 0.480203 0.784382 0.24234 0.996218 0.371214 0.754638 0.559937 0.757684 0.614549 0.744717 0.210186 0.42996 0.791278 0.752053 0.396781 0.445476 0.665353 0.448496 0.62025 0.493557 0.480964 0.603023 0.382459 0.52335 0.698276 0.479862 0.622618 0.61797 0.335673 0.718347 0.428979 0.519566 0.486386 0.817226 0.921294 0.500016 0.549914 0.137056 0.904689 0.402069 0.654466 0.741583 0.228652 0.485531 0.595002 0.297129 0.0557789 0.298288 0.720333 0.603337 0.71421 0.20924 0.216792 0.579668 0.101231 0.814253 0.823349 0.706587 0.522172 0.577039 0.293834 0.547237 0.624125 0.201235 0.331302 1.06175 0.240414 0.0119087 0.650236 0.48171 0.266921 0.521575 0.697025 0.953421 0.122345 0.59303 0.85952 0.475358 0.732115 0.640721 1.00886 0.68077 0.188428 2.12005 2.15957 2.31645 1.77876 2.19045 2.15611 2.19502 2.50522 2.4022 2.39724 2.75989 1.93667 2.57321 2.7206 2.37674 2.13112 2.71249 2.56351 2.60928 2.07206 2.29644 2.12071 2.03309 2.29565 2.0423 2.38545 1.86616 2.13558 2.57858 1.73771 1.82066 2.35005 1.74784 2.57836 1.81552 2.15478 2.31265 2.12005 2.04685 2.75778 2.46798 2.53114 2.34377 1.82477 2.03856 2.00848 1.84728 2.39414 2.39074 1.79054 2.44165 2.36714 2.15323 2.42371 1.97394 1.9705 2.00106 1.98228 2.65032 2.57694 2.49518 2.03218 1.79838 2.40598 2.22116 2.66939 1.80835 2.55753 2.23564 2.12797 2.31021 2.04638 2.72281 2.70254 2.69759 2.76972 2.3936 2.4427 2.02793 2.64765 2.36911 2.7347 2.0496 1.99567 2.56628 2.08743 2.1045 2.0661 2.18365 2.69606 2.18112 2.72736 1.72017 2.28462 1.79605 2.00763 2.20686 2.03371 2.03961 2.43439
0 0.842235 0.335838 0.748353 0.844105 0.593008 0.217542 0.679473 0.558451 0.518493 0.961087 0.87374 0.428077 0.424694 0.354757 0.688933 0.544134 0.480203 999 0.406224 0.277795 0.83148 0.819091 0.291408 0.508149 0.58323 0.603926 1.01681 0.588192 0.59636 1.11808 0.870793 0.793683 0.0804292 0.188256 0.836891 0.238708 0.298624 0.120828 0.143765 0.365315 0.312566 0.978826 0.134361 0.43478 0.332882 0.7853 0.392455 0.121646 0.243871 0.850791 0.851338 0.673277 0.874813 0.781661 0.612422 0.609067 0.0959777 0.858833 0.326889 0.448033 0.0450475 0.853819 0.686607 0.489144 0.23086 0.24097 0.923655 0.243274 0.296702 0.664345 0.136831 0.565366 0.426243 0.688606 0.357469 0.801689 0.670858 0.771786 0.156944 0.935417 0.369665 0.583642 0.845832 0.720397 0.481512 0.91525 0.746175 0.671414 0.428167 0.274554 0.731345 0.570824 0.115405 0.835318 0.266899 0.334998 0.735633 0.825507 0.600991 0.633424 2.57204 2.62667 2.7901 2.23071 2.66761 2.61953 2.67219 2.98241 2.84929 2.87304 3.23912 2.39119 3.05116 3.19965 2.85655 2.60556 3.17752 3.03771 3.0816 2.54443 2.77563 2.58822 2.49268 2.77021 2.50422 2.83796 2.33354 2.60206 3.05775 2.20809 2.2979 2.82204 2.19257 3.04856 2.29544 2.62148 2.77339 2.57575 2.49627 3.21452 2.94345 2.98558 2.80761 2.27962 2.49028 2.46394 2.29311 2.84489 2.84121 2.25839 2.91324 2.84601 2.62749 2.87944 2.44593 2.44919 2.48123 2.44387 3.10988 3.05602 2.97408 2.50558 2.25716 2.86238 2.69964 3.14733 2.28849 3.03166 2.71554 2.57047 2.77381 2.52626 3.1763 3.16778 3.16942 3.24895 2.87023 2.9157 2.48995 3.10683 2.84883 3.1924 2.5286 2.45857 3.03436 2.52882 2.57521 2.54383 2.65929 3.15548 2.65568 3.19781 2.18312 2.76369 2.23088 2.46369 2.68542 2.50465 2.49854 2.88018

0 0.517096 0.624305 0.696097 0.506223 0.305554 0.474841 0.386773 0.387632 0.615123 0.935459 1.04809 0.473194 0.0188131 0.613421 0.799984 0.465997 0.784382 0.406224 999 0.653994 0.516405 1.03332 0.216263 0.433906 0.334631 0.507465 1.03352 0.795283 0.65281 1.16942 0.787789 0.961217 0.378291 0.299034 0.988729 0.174795 0.311702 0.325072 0.275824 0.458111 0.286741 1.00955 0.320196 0.27964 0.186628 1.00607 0.0973189 0.373549 0.266323 0.978715 0.701135 0.320402 1.00755 0.817068 0.89007 0.229933 0.421034 0.850722 0.0953929 0.635521 0.367959 0.892116 0.871854 0.814751 0.487093 0.311314 0.999181 0.254759 0.575631 0.996946 0.270934 0.884105 0.032392 0.435891 0.0825789 0.870049 0.633563 1.04027 0.260458 1.00087 0.600176 0.709207 0.4904 1.01089 0.790572 0.944954 0.818283 0.872084 0.382195 0.141182 0.388344 0.829906 0.380923 0.638797 0.318119 0.0732223 0.673575 0.496761 0.440327 0.87526 2.90335 2.93426 3.08099 2.56233 2.94574 2.93408 2.95026 3.25914 3.18624 3.15617 3.50192 2.71945 3.32365 3.46417 3.1147 2.89455 3.48818 3.3261 3.37562 2.83987 3.04082 2.89507 2.81368 3.0582 2.82153 3.16843 2.64133 2.91097 3.32181 2.50977 2.57754 3.11764 2.53221 3.34826 2.55554 2.92989 3.09219 2.90225 2.8307 3.53895 3.22764 3.31342 3.12108 2.60757 2.82198 2.79087 2.63159 3.17755 3.17422 2.56544 3.2097 3.11335 2.91699 3.2056 2.74273 2.71991 2.73391 2.76182 3.43014 3.32092 3.24069 2.7982 2.57973 3.18761 2.9704 3.41954 2.54389 3.32029 2.97307 2.91235 3.08777 2.78529 3.50528 3.47805 3.46458 3.51168 3.14992 3.20819 2.80711 3.4277 3.10819 3.51543 2.79661 2.77432 3.33901 2.8718 2.87486 2.81973 2.94384 3.47591 2.9441 3.49655 2.49938 3.02992 2.57976 2.78981 2.95578 2.80395 2.82052 3.21856
0 1.00235 0.173562 0.744934 1.01283 0.759731 0.220166 0.836004 0.670822 0.463214 0.910195 0.690359 0.451479 0.671065 0.218646 0.577612 0.605641 0.24234 0.277795 0.653994 999 0.985737 0.612242 0.568886 0.579017 0.731692 0.660261 0.931082 0.418162 0.548519 1.00038 0.86981 0.623338 0.276896 0.464747 0.6733 0.47927 0.427314 0.328925 0.418531 0.387452 0.454711 0.886933 0.334373 0.579088 0.525028 0.57674 0.612751 0.281887 0.417381 0.703117 0.897521 0.865602 0.721086 0.710928 0.378744 0.823409 0.233084 0.807878 0.58884 0.339837 0.299729 0.770663 0.516952 0.23095 0.217132 0.514254 0.805788 0.521019 0.180004 0.392905 0.403985 0.305621 0.679265 0.820961 0.588222 0.703927 0.672353 0.53146 0.394456 0.823469 0.257287 0.484411 1.02705 0.469137 0.238793 0.830746 0.65428 0.491728 0.513793 0.53823 0.912274 0.358375 0.378567 0.91342 0.397811 0.589152 0.741133 0.989345 0.697029 0.425882 2.29472 2.3526 2.51948 1.9535 2.4006 2.34424 2.40519 2.71523 2.57159 2.60429 2.97561 2.11422 2.78507 2.93569 2.59531 2.33571 2.90248 2.76738 2.80989 2.27308 2.5123 2.31433 2.21652 2.50035 2.22858 2.56063 2.05978 2.32776 2.79418 1.93587 2.03135 2.55027 1.91487 2.77564 2.03526 2.34726 2.49735 2.29888 2.21876 2.93763 2.67431 2.70843 2.53235 2.00274 2.21296 2.18707 2.01543 2.56741 2.56371 1.98489 2.64116 2.58186 2.35748 2.60248 2.17442 2.18496 2.22299 2.16819 2.83348 2.79219 2.70989 2.23499 1.98096 2.58552 2.43475 2.88117 2.03001 2.76128 2.45487 2.29268 2.4985 2.26564 2.89901 2.8928 2.89737 2.98545 2.60242 2.64453 2.21435 2.83036 2.58721 2.91566 2.26501 2.18322 2.76048 2.25102 2.30285 2.27775 2.39052 2.87905 2.38589 2.92497 1.90796 2.50006 1.95317 2.18691 2.42069 2.23246 2.22224 2.60243
0 0.0271073 0.869325 0.513904 0.0618876 0.238615 0.765609 0.152575 0.324306 0.666419 0.695291 1.03464 0.572801 0.502262 0.833646 0.779545 0.42829 0.996218 0.83148 0.516405 0.985737 999 1.07408 0.731187 0.436806 0.254798 0.402587 0.822902 0.890459 0.635338 0.975022 0.519911 0.959644 0.767035 0.795882 0.960511 0.612638 0.561501 0.713698 0.745976 0.619396 0.536831 0.822502 0.701373 0.408895 0.49901 1.06103 0.46475 0.737613 0.59282 0.922924 0.374079 0.202641 0.950605 0.695589 1.04339 0.303629 0.792592 0.660227 0.60592 0.773805 0.786438 0.747871 0.916869 1.04588 0.769534 0.820649 0.871833 0.76337 0.831658 1.20416 0.725601 1.09168 0.525917 0.173011 0.507571 0.771381 0.508896 1.15062 0.678753 0.860289 0.799049 0.744141 0.115413 1.15625 1.00673 0.773676 0.742818 0.935722 0.480294 0.637724 0.135658 0.975694 0.856059 0.271303 0.593201 0.574715 0.490405 0.0380717 0.318693 0.987988 2.99529 2.98038 3.09427 2.66343 2.9406 2.99302 2.9449 3.24468 3.28397 3.15456 3.46014 2.80971 3.30093 3.42583 3.07325 2.90896 3.52907 3.33005 3.38842 2.86675 3.0123 2.9408 2.88761 3.067 2.8883 3.25327 2.69543 2.96005 3.28542 2.55705 2.58525 3.13831 2.65022 3.37162 2.53257 2.97761 3.15571 2.98468 2.93055 3.60542 3.22634 3.39034 3.17393 2.70022 2.91654 2.87678 2.74456 3.26663 3.26405 2.62046 3.22997 3.0866 2.93167 3.28113 2.77457 2.70871 2.69375 2.83128 3.49021 3.28589 3.21005 2.82129 2.66285 3.26167 2.95255 3.39452 2.51398 3.32476 2.93401 3.02577 3.14224 2.75355 3.58134 3.51838 3.47779 3.4696 3.14266 3.22154 2.87395 3.48898 3.06882 3.57952 2.77884 2.83937 3.37145 2.98842 2.90822 2.81416 2.94946 3.53556 2.95629 3.51557 2.57315 3.00333 2.71592 2.87416 2.93764 2.8385 2.89614 3.3187
0 1.09981 0.484527 0.586902 1.12736 0.940797 0.613094 0.971018 0.785498 0.435279 0.570215 0.110731 0.572386 1.04308 0.465278 0.295645 0.664471 0.371214 0.819091 1.03332 0.612242 1.07408 999 1.06221 0.672729 0.887396 0.674764 0.504936 0.240856 0.441332 0.489808 0.658186 0.12696 0.765553 0.99154 0.15814 0.896548 0.721699 0.784487 0.919156 0.575519 0.746841 0.460278 0.778641 0.797932 0.847961 0.0355413 0.947646 0.73717 0.77564 0.215309 0.778777 1.06841 0.207087 0.418787 0.241125 1.08575 0.728504 0.50935 1.01741 0.400822 0.812681 0.413471 0.165449 0.398825 0.598508 1.04907 0.346573 1.03108 0.522534 0.360521 0.890396 0.345914 1.06556 0.911209 0.950755 0.349212 0.568643 0.152454 0.842535 0.371792 0.457914 0.342381 1.16732 0.222018 0.376649 0.442335 0.350451 0.16124 0.679275 0.982485 1.07808 0.254977 0.934494 0.857834 0.718586 0.998889 0.604591 1.09822 0.767719 0.18823 1.92411 1.92439 2.05742 1.59017 1.91659 1.93152 1.92107 2.2288 2.21232 2.12841 2.46877 1.7384 2.29209 2.43118 2.08141 1.87073 2.4774 2.30028 2.35273 1.82054 2.0082 1.88484 1.82053 2.03311 1.82352 2.18425 1.6347 1.90261 2.28885 1.49865 1.55042 2.09684 1.57616 2.32921 1.52273 1.92086 2.093 1.91557 1.85794 2.54286 2.20014 2.32381 2.11558 1.6282 1.84471 1.80654 1.67057 2.19665 2.1939 1.55899 2.18903 2.08099 1.89334 2.21474 1.72512 1.68896 1.70059 1.7654 2.42979 2.28804 2.2081 1.77717 1.59259 2.19568 1.93894 2.38779 1.51067 2.29461 1.93979 1.95196 2.08309 1.75217 2.51551 2.46696 2.44205 2.47852 2.12081 2.18502 1.8091 2.42808 2.07496 2.51778 1.76482 1.77502 2.32379 1.91444 1.85847 1.79014 1.91743 2.47543 1.91972 2.4762 1.50494 1.99747 1.64302 1.80427 1.92425 1.78782 1.82859 2.24671
0 0.732782 0.598554 0.838193 0.722456 0.510608 0.453036 0.595965 0.558303 0.688041 1.07411 1.09857 0.557891 0.232337 0.603934 0.875156 0.605489 0.754638 0.291408 0.216263 0.568886 0.731187 1.06221 999 0.56879 0.529546 0.657583 1.15705 0.822129 0.746599 1.28056 0.94466 1.01338 0.309181 0.115174 1.04945 0.188311 0.381496 0.278886 0.152477 0.517838 0.370534 1.12669 0.28377 0.430583 0.304262 1.03082 0.276587 0.328881 0.309792 1.05098 0.879123 0.536654 1.07812 0.927167 0.879306 0.444881 0.353128 0.980201 0.125828 0.665173 0.272449 1.00321 0.912593 0.771227 0.467552 0.100906 1.09643 0.0542865 0.552377 0.95037 0.175265 0.846425 0.214522 0.636713 0.235141 0.967239 0.766884 1.03767 0.220105 1.10268 0.605063 0.773658 0.706127 0.993937 0.757797 1.06109 0.912143 0.904715 0.49796 0.109936 0.604499 0.828887 0.213279 0.829643 0.368102 0.158627 0.818643 0.7126 0.610977 0.885341 2.86149 2.91165 3.07099 2.52003 2.94467 2.90603 2.94923 3.25938 3.13957 3.15182 3.5119 2.68008 3.32689 3.47296 3.12736 2.88574 3.46354 3.31813 3.36358 2.8263 3.0487 2.87299 2.78037 3.05028 2.7912 3.1274 2.6183 2.88732 3.33077 2.49121 2.57492 3.10423 2.48293 3.33196 2.56605 2.90664 3.06084 2.86446 2.78612 3.50318 3.2226 3.27469 3.09401 2.56839 2.77975 2.75266 2.58338 3.13464 3.13101 2.54289 3.19572 3.11987 2.90784 3.16824 2.72806 2.72363 2.74957 2.73094 3.39777 3.32931 3.24785 2.78665 2.54497 3.15102 2.97443 3.42306 2.55744 3.31214 2.98594 2.86118 3.0603 2.7969 3.46565 3.45371 3.45176 3.52172 3.14799 3.19713 2.77689 3.39483 3.12004 3.48081 2.80227 2.7452 3.31895 2.81962 2.85822 2.82004 2.93826 3.44342 2.93575 3.48107 2.46961 3.03709 2.52204 2.75228 2.96006 2.78749 2.78642 3.17063
