0 0 0 0 0 0 0 0 0 0 0 0 0 0 0 0 0
0 999 0.442752 0.212353 0.183621 0.138469 0.734693 0.231678 0.439326 10.2061 14.7257 13.2458 2.90316 2.95519 3.55253 11.2284 10.3335
0 0.442752 999 0.483903 0.354479 0.565413 0.627182 0.603244 0.193719 9.96861 14.5685 12.93 2.50842 3.38819 3.30489 11.1581 9.98484
0 0.212353 0.483903 999 0.130741 0.311247 0.918646 0.427179 0.389838 10.0253 14.5257 13.094 2.81313 3.01723 3.38056 11.0183 10.2
0 0.183621 0.354479 0.130741 999 0.317921 0.81167 0.414741 0.283363 10.0236 14.5514 13.0633 2.73831 3.10327 3.36914 11.0691 10.1546
0 0.138469 0.565413 0.311247 0.317921 999 0.748124 0.120509 0.577183 10.3318 14.8368 13.3811 3.04074 2.82433 3.68178 11.3212 10.4713
0 0.734693 0.627182 0.918646 0.81167 0.748124 999 0.672859 0.812967 10.5348 15.1755 13.4186 2.90807 3.26742 3.87935 11.7845 10.4299
0 0.231678 0.603244 0.427179 0.414741 0.120509 0.672859 999 0.64925 10.4377 14.9522 13.4722 3.10346 2.79101 3.78387 11.4412 10.553
0 0.439326 0.193719 0.389838 0.283363 0.577183 0.812967 0.64925 999 9.83267 14.4077 12.8298 2.46386 3.38549 3.16977 10.9783 9.90405
0 10.2061 9.96861 10.0253 10.0236 10.3318 10.5348 10.4377 9.83267 999 5.18302 3.98045 7.88277 12.513 6.66389 4.43036 3.4321
0 14.7257 14.5685 14.5257 14.5514 14.8368 15.1755 14.9522 14.4077 5.18302 999 6.12426 12.7776 16.5801 11.3404 4.32453 7.94003
0 13.2458 12.93 13.094 13.0633 13.3811 13.4186 13.4722 12.8298 3.98045 6.12426 999 10.5421 15.854 9.75489 7.787 3.2032
0 2.90316 2.50842 2.81313 2.73831 3.04074 2.90807 3.10346 2.46386 7.88277 12.7776 10.5421 999 5.82642 1.68908 9.84819 7.52407
0 2.95519 3.38819 3.01723 3.10327 2.82433 3.26742 2.79101 3.38549 12.513 16.5801 15.854 5.82642 999 6.11734 12.6853 13.0822
0 3.55253 3.30489 3.38056 3.36914 3.68178 3.87935 3.78387 3.16977 6.66389 11.3404 9.75489 1.68908 6.11734 999 8.2139 6.97975
0 11.2284 11.1581 11.0183 11.0691 11.3212 11.7845 11.4412 10.9783 4.43036 4.32453 7.787 9.84819 12.6853 8.2139 999 7.85162
0 10.3335 9.98484 10.2 10.1546 10.4713 10.4299 10.553 9.90405 3.4321 7.94003 3.2032 7.52407 13.0822 6.97975 7.85162 999