0 0 0 0 0 0 0 0 0 0 0 0 0 0 0 0 0 0
0 999 0.213874 0.174557 0.315693 0.661441 0.636924 0.633537 0.209929 5.7331 5.95678 6.49341 6.13911 6.24187 5.92419 6.18514 6.09669 6.28508
0 0.213874 999 0.100054 0.529487 0.87504 0.808045 0.838103 0.382666 5.85494 6.06738 6.61439 6.24031 6.36353 6.04684 6.27828 6.21108 6.4001
0 0.174557 0.100054 999 0.479155 0.816175 0.806955 0.806776 0.298673 5.75489 5.9676 6.51435 6.14103 6.26348 5.94679 6.17962 6.11117 6.30017
0 0.315693 0.529487 0.479155 999 0.348385 0.445531 0.345948 0.252671 5.57306 5.81405 6.33346 6.01077 6.08123 5.76253 6.06924 5.94778 6.13485
0 0.661441 0.87504 0.816175 0.348385 999 0.504025 0.258886 0.542402 5.3592 5.61775 6.11803 5.82917 5.86559 5.54651 5.90068 5.74465 5.92995
0 0.636924 0.808045 0.806955 0.445531 0.504025 999 0.250088 0.681684 5.86056 6.1213 6.6189 6.33319 6.36647 6.0474 6.40416 6.24754 6.43258
0 0.633537 0.838103 0.806776 0.345948 0.258886 0.250088 999 0.597206 5.61072 5.87253 6.36897 6.08589 6.11654 5.79748 6.15859 5.99824 6.18315
0 0.209929 0.382666 0.298673 0.252671 0.542402 0.681684 0.597206 999 5.52408 5.74942 6.28445 5.93372 6.03284 5.71507 5.98181 5.88868 6.07695
0 5.7331 5.85494 5.75489 5.57306 5.3592 5.86056 5.61072 5.52408 999 0.42891 0.760549 0.784815 0.508769 0.193428 1.03103 0.438051 0.595794
0 5.95678 6.06738 5.9676 5.81405 5.61775 6.1213 5.87253 5.74942 0.42891 999 0.651807 0.356355 0.477631 0.403861 0.609517 0.189907 0.362906
0 6.49341 6.61439 6.51435 6.33346 6.11803 6.6189 6.36897 6.28445 0.760549 0.651807 999 0.780099 0.252449 0.571527 1.01434 0.463799 0.301975
0 6.13911 6.24031 6.14103 6.01077 5.82917 6.33319 6.08589 5.93372 0.784815 0.356355 0.780099 999 0.709655 0.745348 0.265885 0.442087 0.493506
0 6.24187 6.36353 6.26348 6.08123 5.86559 6.36647 6.11654 6.03284 0.508769 0.477631 0.252449 0.709655 999 0.319079 0.969934 0.294552 0.239311
0 5.92419 6.04684 5.94679 5.76253 5.54651 6.0474 5.79748 5.71507 0.193428 0.403861 0.571527 0.745348 0.319079 999 1.00738 0.328226 0.444396
0 6.18514 6.27828 6.17962 6.06924 5.90068 6.40416 6.15859 5.98181 1.03103 0.609517 1.01434 0.265885 0.969934 1.00738 999 0.707937 0.744595
0 6.09669 6.21108 6.11117 5.94778 5.74465 6.24754 5.99824 5.88868 0.438051 0.189907 0.463799 0.442087 0.294552 0.328226 0.707937 999 0.189982
0 6.28508 6.4001 6.30017 6.13485 5.92995 6.43258 6.18315 6.07695 0.595794 0.362906 0.301975 0.493506 0.239311 0.444396 0.744595 0.189982 999