0 0 0 0 0 0 0 0 0 0 0 0 0 0
0 999 0.64754 0.896167 0.514866 0.781423 0.348979 9.17961 8.55551 8.68008 8.37124 8.36753 8.84869 9.10504
0 0.64754 999 0.854722 0.426395 0.751282 0.384245 8.68252 8.05558 8.14242 7.85757 7.85396 8.32637 8.5811
0 0.896167 0.854722 999 0.473416 0.119604 0.986363 8.38623 7.7666 7.93673 7.59809 7.59428 8.08458 8.34226
0 0.514866 0.426395 0.473416 999 0.356637 0.517001 8.66528 8.0414 8.17112 7.85842 7.8547 8.33693 8.59348
0 0.781423 0.751282 0.119604 0.356637 999 0.867359 8.47213 7.85145 8.01254 7.67968 7.67589 8.16449 8.42197
0 0.348979 0.384245 0.986363 0.517001 0.867359 999 9.05478 8.42836 8.52256 8.2333 8.22967 8.70389 8.95895
0 9.17961 8.68252 8.38623 8.66528 8.47213 9.05478 999 0.628493 1.04358 0.88817 0.890686 0.651461 0.60581
0 8.55551 8.05558 7.7666 8.0414 7.85145 8.42836 0.628493 999 0.821996 0.338866 0.33923 0.55304 0.74738
0 8.68008 8.14242 7.93673 8.17112 8.01254 8.52256 1.04358 0.821996 999 0.602618 0.606098 0.392282 0.536932
0 8.37124 7.85757 7.59809 7.85842 7.67968 8.2333 0.88817 0.338866 0.602618 999 0.00417316 0.508401 0.762638
0 8.36753 7.85396 7.59428 7.8547 7.67589 8.22967 0.890686 0.33923 0.606098 0.00417316 999 0.512547 0.766737
0 8.84869 8.32637 8.08458 8.33693 8.16449 8.70389 0.651461 0.55304 0.392282 0.508401 0.512547 999 0.258265
0 9.10504 8.5811 8.34226 8.59348 8.42197 8.95895 0.60581 0.74738 0.536932 0.762638 0.766737 0.258265 999