0 0 0 0 0 0 0 0 0 0 0 0 0 0 0 0 0 0 0 0 0 0 0 0 0 0 0 0 0 0 0 0 0 0 0 0 0 0 0 0 0 0 0 0 0 0 0 0 0 0 0 0 0 0 0 0 0 0 0 0 0 0 0 0 0 0 0 0 0 0 0 0 0 0 0 0 0 0 0 0 0 0 0 0 0 0 0 0 0 0 0 0 0 0 0 0 0 0 0 0 0 0 0 0 0 0 0 0 0 0 0 0 0 0 0 0 0 0 0 0 0
0 999 11.2716 12.9214 8.89567 11.6409 14.0502 14.382 2.80236 1.52856 10.8932 3.47973 6.06782 9.86114 6.71611 11.0038 11.1041 11.4563 13.2065 2.99152 14.4144 2.60031 1.38975 7.10211 2.45231 4.75784 14.2473 9.20091 10.5339 11.1407 5.0226 11.9922 4.02747 7.43636 5.12103 6.52271 11.5401 2.52448 6.74759 10.6364 8.76621 6.81162 7.56403 2.27636 9.01104 1.0347 5.14058 13.1847 4.13038 12.9795 7.3845 4.01319 7.48605 3.68631 3.88624 6.62125 2.81585 9.17519 14.0196 6.84923 4.8382 9.41528 10.0347 9.80501 9.88551 9.82049 9.52323 9.49132 10.0605 9.4187 9.5138 9.61262 9.25155 9.77668 9.68241 9.66892 9.8194 9.22585 9.08799 9.33581 9.6794 9.80444 9.46433 9.63347 8.97995 9.86356 9.21778 9.50911 9.74239 9.34176 9.76482 9.25054 8.91673 9.11283 9.07917 9.2498 9.17028 9.63526 9.19081 9.50289 9.07402 9.64127 9.81992 9.10507 9.74258 9.53774 9.57075 9.70001 9.01646 9.4051 9.12835 9.8901 9.32676 9.847 9.68866 9.57684 9.63728 9.67198 9.34102 9.26045 9.05192
0 11.2716 999 8.40182 3.30436 0.605392 5.76178 3.7893 13.4524 12.3736 3.55124 12.248 5.29306 8.63097 6.4949 3.86683 1.18457 5.77548 4.18809 8.47968 6.78899 12.4781 10.1572 11.0082 12.1426 6.96075 9.68939 2.35104 3.83221 9.78096 7.0863 8.84187 7.25069 9.1771 6.28246 11.4796 5.17488 12.9321 10.5783 4.96533 4.35643 5.14009 9.39319 11.3389 7.00201 11.3286 6.13588 9.65182 10.5225 7.00403 4.03729 14.4944 4.85601 10.9272 14.0044 6.19468 11.2007 2.63492 5.28459 8.10586 12.3801 1.88933 1.25978 1.49041 1.39034 1.69127 1.74841 1.7836 1.2271 1.85302 1.75792 1.69338 2.12209 1.55332 1.75504 1.77118 1.48728 2.04575 2.2636 1.93997 1.67538 1.76419 1.80936 1.64191 2.36881 1.60682 2.06602 1.82095 1.55065 2.04647 1.53679 2.03251 2.45376 2.16093 2.19268 2.1272 2.22632 1.78589 2.08324 1.77009 2.20471 1.74379 1.47702 2.2324 1.57685 1.87751 1.86359 1.57171 2.29907 2.0646 2.14343 1.67205 2.11296 1.781 1.71561 1.72255 1.75734 1.70383 1.98119 2.14758 2.22693
0 12.9214 8.40182 999 6.38753 7.99082 4.09004 7.2428 13.5469 13.1061 4.88289 15.6768 9.8025 3.41696 6.37727 4.55764 7.21793 2.66295 5.08335 11.6183 3.34803 12.3684 12.6199 7.59279 12.0978 11.254 1.47787 7.32648 4.71004 3.04764 11.7692 1.36883 10.019 6.00041 10.3626 8.4699 3.22851 15.3863 7.51934 3.64651 5.4722 10.8014 6.008 11.4575 3.92088 13.6154 9.42402 1.33507 9.52536 1.64976 7.84547 14.0409 6.49758 10.1383 13.3701 6.61479 14.5836 6.90751 4.62796 6.14056 16.5239 7.9853 8.06649 8.04412 8.18922 7.48173 8.28824 8.20192 8.10592 8.28629 8.28174 7.98312 7.73197 7.89929 7.60529 7.5977 7.99177 8.32173 7.80075 8.19534 7.81171 7.37965 8.22348 8.19264 7.81344 7.56756 8.11795 7.88132 8.05385 7.6939 8.01101 8.51181 7.74474 8.24281 8.30278 7.72218 7.66613 7.63569 8.23117 8.2368 8.17505 7.72421 8.03717 7.85006 7.93453 7.639 7.59836 8.27536 7.94244 7.50499 8.35281 7.40969 7.56517 7.29403 7.68168 8.01397 7.69944 7.75174 7.90715 7.63853 8.17547
0 8.89567 3.30436 6.38753 999 3.34432 5.50848 5.52768 10.7056 9.75718 2.1858 10.6561 3.7987 5.63288 3.22479 2.41081 2.53338 3.83513 4.38831 6.52694 6.18259 9.64059 8.02638 7.70419 9.30591 5.50887 7.84256 1.13111 1.99123 6.94945 5.89462 6.38606 4.991 5.88099 4.62494 8.18968 3.50306 10.9418 7.27699 2.78368 1.16004 4.52912 6.10052 8.50282 3.91104 9.19587 3.9854 7.42405 7.41006 5.46355 1.75514 11.6503 1.64012 7.87137 11.1041 2.96468 9.54092 0.713863 5.32902 4.80202 11.1492 1.86221 2.26339 2.11315 2.28075 1.65714 2.19141 2.09772 2.31052 2.14542 2.1813 1.95687 1.54722 1.97355 1.66715 1.65226 2.07656 2.10624 1.5468 2.02605 1.84235 1.56562 2.10592 2.15497 1.52197 1.7547 1.90614 1.81186 2.08753 1.55393 2.06259 2.29796 1.43292 1.99151 2.03997 1.537 1.44723 1.66405 2.00627 2.13506 1.91242 1.74432 2.11547 1.60198 1.98433 1.60919 1.59271 2.26095 1.66307 1.4121 2.10425 1.65085 1.42514 1.53165 1.73596 1.96633 1.72044 1.78615 1.75489 1.46162 1.90594
0 11.6409 0.605392 7.99082 3.34432 999 5.19608 3.20408 13.7487 12.6981 3.21039 12.735 5.73078 8.43099 6.56868 3.51091 0.89493 5.40049 3.61707 8.90126 6.2376 12.748 10.563 11.0168 12.4119 7.4311 9.24176 2.53805 3.54154 9.52093 7.58593 8.50311 7.61353 9.1476 6.71894 11.528 4.77909 13.3701 10.6019 4.65903 4.30528 5.66692 9.35641 11.6061 6.85298 11.7394 6.50081 9.26337 10.6941 6.54578 4.31706 14.7665 4.95767 11.1228 14.2591 6.29636 11.676 2.73805 4.70549 8.12146 12.9047 2.22715 1.61995 1.84452 1.78785 1.87178 2.16053 2.17477 1.60058 2.26106 2.16823 2.03069 2.40008 1.86435 1.98329 1.99816 1.82559 2.4543 2.55898 2.32553 1.96341 1.91668 2.20479 2.03447 2.66717 1.80927 2.4319 2.13198 1.90754 2.31334 1.8813 2.4781 2.73799 2.54998 2.59231 2.40293 2.49066 2.02565 2.47231 2.16973 2.57912 2.00823 1.82903 2.53853 1.89914 2.12322 2.09667 1.98693 2.62461 2.28244 2.55438 1.8231 2.34905 1.9041 1.96552 2.06813 2.01496 1.97482 2.29998 2.40338 2.60084
0 14.0502 5.76178 4.09004 5.50848 5.19608 999 3.33024 15.3911 14.6523 3.3228 16.1249 9.29181 6.51871 7.44981 3.12418 4.74558 2.94389 1.58114 11.9652 1.09768 14.2348 13.3586 10.4831 13.9198 11.0165 4.80418 5.88582 3.58403 6.83272 11.387 5.24192 10.3747 8.5822 10.1332 11.2699 2.60017 16.2778 10.2501 3.46771 5.30586 9.84766 8.69085 13.1652 5.85769 14.4966 9.44716 5.38624 11.5597 2.47477 7.26324 16.1376 6.60464 12.137 15.5104 7.46358 15.0055 5.61894 0.601332 8.14288 16.6566 6.2736 6.0319 6.12635 6.21126 5.6575 6.47226 6.41478 6.05355 6.52139 6.4713 6.17172 6.15816 6.01894 5.82942 5.83065 6.07486 6.64506 6.29779 6.48596 5.99677 5.58657 6.44617 6.33718 6.36473 5.70255 6.48124 6.14123 6.16576 6.0807 6.11843 6.79366 6.34698 6.63534 6.7011 6.15156 6.15153 5.87864 6.58723 6.43851 6.59955 5.94594 6.11303 6.32669 6.06559 5.93329 5.88384 6.37565 6.44452 5.90217 6.7184 5.56289 5.99044 5.497 5.88691 6.21532 5.92823 5.95199 6.24868 6.08195 6.61095
0 14.382 3.7893 7.2428 5.52768 3.20408 3.33024 999 16.2259 15.2841 3.96011 15.7921 8.73387 8.95632 8.4691 4.05098 3.38024 5.27274 2.20465 11.8206 4.39477 15.1454 13.4221 12.4131 14.8123 10.4802 8.11296 5.2281 4.41862 9.63313 10.6922 8.20811 10.3977 10.458 9.70289 13.0816 4.65242 16.2983 12.0799 5.12227 6.0074 8.82755 10.6229 14.0128 7.78189 14.6023 9.31731 8.57418 12.7724 5.59464 7.01687 17.1453 7.09854 13.2803 16.5801 8.31844 14.7092 5.20899 2.73 9.6865 16.042 5.21261 4.69507 4.88943 4.88324 4.67875 5.24486 5.23376 4.6902 5.33438 5.25003 5.03582 5.2754 4.85612 4.8422 4.85246 4.85467 5.51659 5.44452 5.36658 4.91182 4.66787 5.26676 5.1055 5.54616 4.66299 5.43833 5.09047 4.94916 5.18179 4.91132 5.58438 5.5845 5.58034 5.63464 5.27415 5.33138 4.8948 5.50782 5.23912 5.58669 4.91692 4.87321 5.44411 4.90046 4.98569 4.94352 5.08567 5.55331 5.07286 5.61411 4.59445 5.16064 4.60808 4.85982 5.07988 4.91262 4.89795 5.25069 5.24103 5.60614
0 2.80236 13.4524 13.5469 10.7056 13.7487 15.3911 16.2259 999 1.27941 12.4751 5.58678 8.48639 10.213 7.95666 12.5223 13.1082 12.5813 14.7815 5.65601 15.5758 1.18068 4.18151 6.55747 1.47574 7.40752 14.7177 11.2265 12.0651 11.2517 7.74101 12.4231 6.30943 7.6037 7.61628 5.75125 12.7988 3.9854 6.37577 11.9239 10.3132 9.40437 7.6487 2.23379 9.821 3.58511 7.39213 13.5343 4.02199 13.9344 9.43216 1.21198 9.13425 3.40906 1.19604 8.00178 5.30911 11.116 15.4599 7.46043 7.02164 11.5639 12.1935 11.9624 12.0658 11.8821 11.7226 11.6765 12.2253 11.6182 11.7121 11.7608 11.3542 11.9102 11.7654 11.7506 11.9681 11.4317 11.2012 11.5202 11.7983 11.8479 11.6532 11.8165 11.0939 11.9402 11.3888 11.6399 11.9018 11.4384 11.917 11.4878 11.0165 11.305 11.2816 11.3507 11.2598 11.7235 11.3812 11.6939 11.2543 11.745 11.9761 11.2275 11.8821 11.6261 11.652 11.896 11.1547 11.468 11.3394 11.9392 11.3997 11.8754 11.785 11.7303 11.7367 11.7805 11.4757 11.3461 11.2321
0 1.52856 12.3736 13.1061 9.75718 12.6981 14.6523 15.2841 1.27941 999 11.6258 4.59064 7.30813 9.86936 7.20668 11.6988 12.0954 11.9205 13.9441 4.39683 14.913 1.30587 2.90243 6.57946 1.32548 6.15705 14.351 10.1986 11.2341 11.0257 6.47403 12.0616 5.15895 7.30929 6.4103 5.86803 12.0833 3.17101 6.30946 11.1916 9.46507 8.17417 7.39287 1.68074 9.273 2.38355 6.26167 13.2156 3.73664 13.3528 8.38697 2.4913 8.2369 3.16294 2.36913 7.1965 4.1627 10.1196 14.6801 6.9659 6.01732 10.4916 11.1195 10.8882 10.9834 10.8433 10.6322 10.5911 11.1491 10.5274 10.622 10.6893 10.2981 10.8446 10.7182 10.7038 10.8971 10.3379 10.1406 10.4346 10.7378 10.8158 10.5664 10.7323 10.0326 10.896 10.3076 10.5744 10.8266 10.3849 10.8446 10.3829 9.96016 10.2158 10.1886 10.2952 10.2082 10.6741 10.2929 10.6064 10.1693 10.69 10.9023 10.1636 10.8142 10.5763 10.605 10.8073 10.0847 10.4272 10.2435 10.9053 10.3549 10.8491 10.7329 10.6568 10.6832 10.7238 10.4082 10.2963 10.147
0 10.8932 3.55124 4.88289 2.1858 3.21039 3.3228 3.96011 12.4751 11.6258 999 12.8199 5.97629 5.34305 4.57473 0.326956 2.37118 2.23143 2.3197 8.67134 4.02995 11.3567 10.1151 8.47824 11.029 7.69445 6.23119 2.70083 0.460109 6.33796 8.07273 5.29741 7.10056 6.52828 6.8104 9.12781 1.66628 13.0374 8.13145 1.45986 2.16342 6.60698 6.70386 10.2432 3.93005 11.2704 6.14033 6.10778 8.86955 3.6178 3.94081 13.329 3.40906 9.3992 12.7395 4.47795 11.702 2.36603 3.16724 5.7264 13.334 3.24195 3.21639 3.22465 3.35621 2.67456 3.51154 3.43388 3.25279 3.53007 3.50699 3.19842 3.04658 3.08737 2.82087 2.81649 3.17103 3.606 3.15735 3.46029 3.01984 2.57982 3.46012 3.39835 3.20262 2.74966 3.41465 3.12184 3.24415 2.9865 3.19854 3.78296 3.16304 3.55858 3.62355 3.0381 3.01076 2.85998 3.52821 3.46542 3.50519 2.9433 3.21554 3.19691 3.12754 2.88533 2.83919 3.46829 3.30728 2.7951 3.65862 2.59209 2.8725 2.48928 2.89278 3.23521 2.92042 2.96348 3.18563 2.95866 3.5115
0 3.47973 12.248 15.6768 10.6561 12.735 16.1249 15.7921 5.58678 4.59064 12.8199 999 7.06 12.8829 9.30106 13.001 12.4119 13.8478 15.0346 4.16923 16.6672 5.87882 3.11662 10.5251 5.81623 5.31377 17.0804 10.6065 12.5416 14.2536 5.16769 14.9041 5.78564 10.6375 6.10472 9.98576 13.7971 1.74416 10.1429 12.9064 10.8705 7.15845 10.7938 5.75296 11.7762 2.45734 6.67974 16.1188 7.56112 15.4701 8.93174 6.63061 9.58188 7.15325 6.78271 9.08927 1.12058 10.7199 15.982 9.86443 1.43544 10.5846 11.1363 10.9267 10.9569 11.1158 10.5855 10.584 11.1487 10.4892 10.5789 10.7668 10.519 10.9457 10.9505 10.9405 10.9566 10.3001 10.3502 10.4429 10.883 11.1323 10.552 10.7191 10.2503 11.1293 10.3609 10.7041 10.865 10.6125 10.8995 10.2588 10.2181 10.2238 10.173 10.5206 10.4681 10.8977 10.2986 10.5834 10.2117 10.8754 10.9429 10.349 10.9029 10.8076 10.8506 10.7548 10.239 10.7303 10.2006 11.202 10.6407 11.1975 10.9323 10.7239 10.8795 10.895 10.5424 10.5575 10.1917
0 6.06782 5.29306 9.8025 3.7987 5.73078 9.29181 8.73387 8.48639 7.30813 5.97629 7.06 999 8.01909 4.16195 6.20948 5.35452 7.46901 8.06659 3.19081 9.98011 7.66196 4.88194 8.15981 7.34022 1.76139 11.2802 3.55928 5.78447 9.49765 2.09652 9.4628 2.19317 6.94295 0.989545 8.25146 7.23923 7.6415 7.66045 6.429 4.38018 1.35033 7.18017 6.57745 6.38969 6.04464 1.24615 10.6287 6.44184 9.13456 2.05767 9.61966 3.32357 6.64146 9.22592 3.75936 5.97566 3.71711 9.0727 5.72525 7.40738 3.53696 4.11341 3.89493 3.94299 4.05604 3.57049 3.5577 4.13069 3.46972 3.56265 3.72439 3.45922 3.90139 3.89167 3.88143 3.92057 3.27667 3.29036 3.41011 3.83126 4.07248 3.52704 3.69695 3.19032 4.07117 3.31709 3.65255 3.8323 3.55275 3.8636 3.26296 3.1593 3.18714 3.14103 3.46077 3.40839 3.83911 3.26377 3.56139 3.16762 3.8193 3.91088 3.28978 3.86024 3.74831 3.79091 3.74504 3.18093 3.67123 3.17656 4.14204 3.58127 4.13844 3.87547 3.68281 3.82256 3.84041 3.48863 3.49768 3.14686
0 9.86114 8.63097 3.41696 5.63288 8.43099 6.51871 8.95632 10.213 9.86936 5.34305 12.8829 8.01909 999 3.94081 5.11446 7.53956 3.72254 6.80952 9.05351 6.19972 9.04211 9.76914 4.19587 8.78797 9.11621 4.50472 6.76125 4.93632 1.48408 9.69507 2.21045 7.57032 2.61398 8.30114 5.06379 4.31005 12.3749 4.10308 3.92319 4.47404 9.25205 2.60017 8.19625 1.74106 10.6545 7.27894 3.3467 6.19949 4.29773 6.44138 10.6517 4.86079 6.81017 9.97762 4.30751 11.8375 6.33013 6.8789 3.02769 13.8847 7.49353 7.83124 7.71418 7.88123 7.19796 7.82315 7.72937 7.8779 7.77827 7.81321 7.57587 7.18001 7.56805 7.25182 7.23862 7.67193 7.73219 7.1739 7.65836 7.44431 7.09474 7.73833 7.77984 7.13831 7.29759 7.53539 7.43573 7.69676 7.18364 7.66657 7.92133 7.04249 7.61041 7.65367 7.16978 7.07975 7.25939 7.63182 7.76678 7.52933 7.34549 7.71406 7.22933 7.58615 7.21891 7.19514 7.88391 7.2802 7.0306 7.72156 7.16221 7.05284 7.03384 7.32646 7.58949 7.3204 7.38487 7.38732 7.0937 7.52043
0 6.71611 6.4949 6.37727 3.22479 6.56868 7.44981 8.4691 7.95666 7.20668 4.57473 9.30106 4.16195 3.94081 999 4.58865 5.75003 4.74524 6.8495 5.26138 7.72234 6.81525 6.26595 4.57617 6.49327 5.17603 7.79567 4.16923 4.14334 5.42333 5.75434 5.69299 3.69673 2.94532 4.36406 4.98839 4.87694 9.09754 4.11962 3.9854 2.46272 5.46245 3.18416 5.72473 2.51223 7.3086 3.3393 6.90814 4.30415 6.26997 3.0039 8.76616 1.64842 4.82498 8.16854 0.413038 8.20637 3.86063 7.50341 1.73173 10.1623 4.79967 5.34501 5.14927 5.3053 4.80767 5.08983 5.0067 5.38975 5.00799 5.07816 4.95637 4.49214 5.03393 4.76864 4.75247 5.12723 4.8845 4.40444 4.88098 4.89863 4.73099 5.00035 5.11122 4.324 4.89707 4.73428 4.80547 5.1059 4.54141 5.09606 5.03783 4.22099 4.74104 4.75832 4.4839 4.37814 4.74859 4.79325 5.03931 4.66195 4.81074 5.15664 4.45369 5.02904 4.66901 4.67025 5.21742 4.44768 4.46799 4.83209 4.82286 4.44139 4.71545 4.82267 4.94816 4.79141 4.85387 4.68638 4.43517 4.64494
0 11.0038 3.86683 4.55764 2.41081 3.51091 3.12418 4.05098 12.5223 11.6988 0.326956 13.001 6.20948 5.11446 4.58865 999 2.68425 1.91024 2.26153 8.84313 3.77449 11.3941 10.2588 8.36279 11.0687 7.91336 5.90425 2.99897 0.470106 6.06805 8.3054 4.99225 7.25877 6.40828 7.02345 9.0335 1.33933 13.1808 8.02971 1.19854 2.24083 6.87835 6.57611 10.2887 3.76258 11.407 6.32299 5.78744 8.86328 3.29509 4.16203 13.3543 3.52051 9.40364 12.7566 4.5209 11.8817 2.64877 3.02015 5.65553 13.5418 3.5573 3.54227 3.54795 3.68083 2.99584 3.83102 3.75232 3.57889 3.84747 3.82626 3.51819 3.35443 3.40979 3.13986 3.1351 3.4944 3.91924 3.46055 3.77527 3.34006 2.90007 3.77813 3.71943 3.50204 3.07223 3.72597 3.4387 3.56654 3.2968 3.52115 4.09801 3.45859 3.8682 3.93283 3.34575 3.3147 3.17806 3.83983 3.78427 3.81301 3.26216 3.53904 3.5015 3.44951 3.20088 3.15526 3.79068 3.61021 3.10491 3.96966 2.9144 3.18048 2.80991 3.21244 3.55442 3.23902 3.2832 3.49832 3.26542 3.81867
0 11.1041 1.18457 7.21793 2.53338 0.89493 4.74558 3.38024 13.1082 12.0954 2.37118 12.4119 5.35452 7.53956 5.75003 2.68425 999 4.59167 3.211 8.46282 5.72915 12.0791 10.0884 10.1548 11.7431 7.10003 8.51325 1.90373 2.67226 8.64491 7.32069 7.66698 7.08766 8.27314 6.32674 10.6839 3.99051 12.9432 9.74676 3.80001 3.43385 5.49739 8.47943 10.937 5.95814 11.2689 5.98881 8.46754 9.93423 5.83455 3.722 14.0963 4.16941 10.3827 13.5707 5.49805 11.3302 1.9997 4.31978 7.26626 12.6769 1.83711 1.37843 1.54192 1.57039 1.30452 1.90629 1.88116 1.38621 1.98631 1.90965 1.66775 1.899 1.4886 1.46366 1.47445 1.50093 2.15858 2.06821 2.00313 1.53435 1.30532 1.91467 1.76376 2.17167 1.28341 2.06414 1.71241 1.59758 1.80541 1.55583 2.25018 2.21662 2.21003 2.26708 1.89829 1.96144 1.51583 2.14003 1.89176 2.21124 1.53672 1.52604 2.06557 1.53461 1.60812 1.56741 1.76435 2.17359 1.71021 2.25313 1.22499 1.79445 1.25759 1.4796 1.71278 1.53242 1.5183 1.87101 1.87046 2.23014
0 11.4563 5.77548 2.66295 3.83513 5.40049 2.94389 5.27274 12.5813 11.9205 2.23143 13.8478 7.46901 3.72254 4.74524 1.91024 4.59167 999 3.09588 9.69189 2.99603 11.412 10.9177 7.54954 11.1056 9.05332 4.05842 4.69864 2.04919 4.38427 9.51887 3.12922 8.06871 5.63945 8.14914 8.32813 0.655134 13.7991 7.30791 1.0538 3.09627 8.34341 5.75196 10.3743 2.91548 12.0065 7.29945 3.87723 8.68021 1.66739 5.43515 13.2743 4.30862 9.26914 12.6359 4.84484 12.7314 4.29197 3.20975 5.22934 14.5461 5.33782 5.40375 5.38417 5.52787 4.8224 5.63547 5.5505 5.44307 5.6374 5.62931 5.32816 5.09491 5.2401 4.94936 4.94224 5.3316 5.68143 5.17339 5.55037 5.15519 4.72101 5.57301 5.53661 5.19374 4.90714 5.47936 5.23042 5.39522 5.05207 5.35193 5.86944 5.1313 5.60918 5.67065 5.08532 5.03501 4.9812 5.59324 5.58486 5.54432 5.06917 5.37695 5.22089 5.27607 4.9882 4.94646 5.61747 5.31814 4.86154 5.71749 4.74906 4.92548 4.6346 5.02529 5.36009 5.04462 5.09563 5.26364 5.00197 5.54611
0 13.2065 4.18809 5.08335 4.38831 3.61707 1.58114 2.20465 14.7815 13.9441 2.3197 15.0346 8.06659 6.80952 6.8495 2.26153 3.211 3.09588 999 10.9151 2.64781 13.6552 12.4001 10.445 13.3295 9.81964 6.06515 4.5507 2.71649 7.43318 10.1432 6.00631 9.37154 8.494 8.96157 11.1629 2.50338 15.3202 10.1473 3.11079 4.47931 8.49379 8.63996 12.5482 5.76459 13.5627 8.37299 6.41838 11.1141 3.44884 6.10398 15.6155 5.72672 11.6597 15.0163 6.77975 13.9221 4.34954 1.10887 7.84529 15.4724 4.84582 4.54048 4.6565 4.72584 4.22961 5.01296 4.9639 4.55787 5.07183 5.01326 4.72427 4.77063 4.56144 4.40544 4.40885 4.60702 5.21138 4.92225 5.05044 4.55556 4.1705 4.99642 4.87374 5.00047 4.26219 5.0633 4.71206 4.70107 4.6866 4.65443 5.34552 4.99758 5.21847 5.28313 4.76521 4.78026 4.45708 5.16342 4.9843 5.1919 4.51592 4.64225 4.94433 4.60891 4.52227 4.47297 4.90141 5.06332 4.52016 5.292 4.13401 4.61132 4.08483 4.45546 4.76916 4.50077 4.5164 4.8351 4.70292 5.20556
0 2.99152 8.47968 11.6183 6.52694 8.90126 11.9652 11.8206 5.65601 4.39683 8.67134 4.16923 3.19081 9.05351 5.26138 8.84313 8.46282 9.69189 10.9151 999 12.498 5.07169 1.70417 7.58675 4.79552 1.76799 13.0514 6.59312 8.38117 10.4939 2.09402 10.946 1.62336 7.12159 2.20629 7.32716 9.62898 4.48038 7.11961 8.74026 6.70126 3.82158 7.31936 4.17528 7.7718 2.85465 2.54283 12.163 4.9763 11.3256 4.84051 6.85292 5.41341 4.88001 6.58502 5.00357 3.04884 6.65398 11.8379 6.13544 4.90561 6.68492 7.28132 7.05776 7.11711 7.15873 6.74622 6.72702 7.30152 6.64378 6.73784 6.87782 6.56779 7.05096 7.00466 6.99281 7.0794 6.44982 6.39923 6.57573 6.96906 7.16006 6.69746 6.86799 6.29387 7.18681 6.47241 6.79236 6.99477 6.66094 7.02297 6.44743 6.24621 6.35129 6.30951 6.56778 6.50145 6.954 6.42895 6.73342 6.32404 6.94562 7.07343 6.40709 7.01231 6.85907 6.89769 6.92219 6.3064 6.7543 6.35005 7.23808 6.66876 7.21561 6.99845 6.83823 6.94568 6.97116 6.6251 6.59247 6.30256
0 14.4144 6.78899 3.34803 6.18259 6.2376 1.09768 4.39477 15.5758 14.913 4.02995 16.6672 9.98011 6.19972 7.72234 3.77449 5.72915 2.99603 2.64781 12.498 999 14.4052 13.8128 10.3102 14.1001 11.6691 3.83471 6.69813 4.19659 6.28427 12.0745 4.62482 10.8857 8.47514 10.773 11.1349 2.88531 16.7161 10.1253 3.78868 5.79687 10.6346 8.55575 13.3703 5.8344 14.9256 10.0203 4.56602 11.6577 1.91384 7.92707 16.255 7.08762 12.2515 15.6114 7.79313 15.5468 6.39015 1.68882 8.1904 17.2726 7.15061 6.96464 7.03949 7.13716 6.54197 7.37325 7.30921 6.98991 7.41373 7.37124 7.06573 7.00517 6.92279 6.70866 6.70818 6.98678 7.52304 7.13388 7.36701 6.88761 6.46299 7.33937 7.24292 7.1914 6.59616 7.34812 7.02082 7.07416 6.93374 7.0267 7.68236 7.16276 7.49975 7.56573 6.99776 6.98636 6.75537 7.45774 7.33552 7.45696 6.82847 7.02708 7.1676 6.96828 6.8012 6.75227 7.29034 7.28307 6.74855 7.58971 6.44938 6.8334 6.37177 6.77126 7.10783 6.80895 6.83885 7.11472 6.92357 7.46644
0 2.60031 12.4781 12.3684 9.64059 12.748 14.2348 15.1454 1.18068 1.30587 11.3567 5.87882 7.66196 9.04211 6.81525 11.3941 12.0791 11.412 13.6552 5.07169 14.4052 999 3.83627 5.47533 0.336155 6.76049 13.5465 10.2145 10.9403 10.1029 7.16057 11.2515 5.46879 6.43654 6.85134 4.70703 11.6395 4.47395 5.26015 10.7692 9.19909 8.678 6.48816 1.14237 8.64187 3.57841 6.50932 12.3694 2.84549 12.756 8.44278 2.01854 8.04692 2.23305 1.564 6.87884 5.37976 10.0807 14.3142 6.28013 7.29801 10.5894 11.2185 10.9884 11.0993 10.8768 10.7654 10.7145 11.2522 10.6618 10.7546 10.7848 10.3656 10.9281 10.7676 10.7524 10.9909 10.479 10.2172 10.559 10.812 10.8372 10.6927 10.8526 10.1109 10.9392 10.4235 10.6587 10.9289 10.4473 10.9414 10.547 10.0295 10.3482 10.3288 10.3615 10.2675 10.7276 10.4232 10.7338 10.2934 10.7541 11.0015 10.2465 10.9024 10.6309 10.6544 10.9364 10.1796 10.4658 10.3894 10.9296 10.4012 10.86 10.7914 10.7564 10.7444 10.7909 10.4971 10.352 10.2714
0 1.38975 10.1572 12.6199 8.02638 10.563 13.3586 13.4221 4.18151 2.90243 10.1151 3.11662 4.88194 9.76914 6.26595 10.2588 10.0884 10.9177 12.4001 1.70417 13.8128 3.83627 999 7.55816 3.62442 3.43639 14.0051 8.19923 9.79029 11.137 3.65575 11.8078 3.03798 7.53403 3.90401 7.11101 10.9277 2.92246 7.14463 10.0257 8.05392 5.50444 7.69665 3.21223 8.70477 1.18068 4.10505 13.0201 4.6556 12.5054 6.40797 5.39349 6.75432 4.35639 5.2287 6.092 2.12302 8.2235 13.2759 6.74841 4.24325 8.33892 8.94473 8.71861 8.78518 8.78854 8.41633 8.39289 8.96684 8.31299 8.40759 8.53391 8.20414 8.70427 8.64013 8.62762 8.7378 8.11895 8.03691 8.23982 8.6166 8.7831 8.36413 8.53458 7.93014 8.82245 8.13115 8.44175 8.6556 8.29647 8.68188 8.12517 7.87623 8.01532 7.97619 8.20346 8.13178 8.59065 8.09329 8.40103 7.98399 8.58767 8.73406 8.04831 8.66714 8.49443 8.53103 8.59292 7.95183 8.37846 8.0197 8.86436 8.29545 8.83369 8.63861 8.49556 8.58621 8.6152 8.2737 8.2228 7.96224
0 7.10211 11.0082 7.59279 7.70419 11.0168 10.4831 12.4131 6.55747 6.57946 8.47824 10.5251 8.15981 4.19587 4.57617 8.36279 10.1548 7.54954 10.445 7.58675 10.3102 5.47533 7.55816 999 5.30617 8.45843 8.52601 8.72078 8.0187 4.87543 9.05367 6.30127 6.64172 1.95576 7.9298 0.89 8.00999 9.55536 0.5 7.33706 6.72269 9.5072 1.80649 4.96179 4.68483 8.08184 7.00046 7.27011 2.972 8.44219 7.52493 6.74354 6.21535 3.45463 6.06614 4.93916 9.658 8.38233 10.7526 2.90241 11.7806 9.37058 9.90063 9.71192 9.87066 9.33904 9.6645 9.58056 9.94618 9.58357 9.65285 9.52253 9.05983 9.59162 9.31508 9.29908 9.68737 9.4606 8.97734 9.45641 9.45595 9.25552 9.57485 9.68261 8.89861 9.43218 9.30992 9.37111 9.67079 9.10522 9.65873 9.61278 8.79539 9.31706 9.33376 9.05132 8.94583 9.29885 9.36942 9.61354 9.23807 9.36536 9.71856 9.02724 9.58943 9.22348 9.22123 9.78934 9.02333 9.02087 9.40749 9.34472 9.00029 9.2303 9.37314 9.51621 9.34494 9.40863 9.25692 8.99935 9.221
0 2.45231 12.1426 12.0978 9.30591 12.4119 13.9198 14.8123 1.47574 1.32548 11.029 5.81623 7.34022 8.78797 6.49327 11.0687 11.7431 11.1056 13.3295 4.79552 14.1001 0.336155 3.62442 5.30617 999 6.46718 13.2903 9.87839 10.614 9.87411 6.87867 10.9953 5.14732 6.18983 6.53854 4.56602 11.326 4.48201 5.06709 10.4532 8.87032 8.36895 6.25002 0.806226 8.35001 3.46006 6.18173 12.1222 2.58909 12.4619 8.10706 2.35468 7.71401 1.98154 1.88809 6.55156 5.25985 9.74478 13.9945 5.99368 7.22274 10.254 10.883 10.653 10.7642 10.5407 10.4307 10.3796 10.9168 10.3272 10.42 10.4494 10.0298 10.5925 10.4316 10.4164 10.6554 10.1446 9.88154 10.2241 10.4762 10.5011 10.3579 10.5176 9.77529 10.6032 10.0885 10.3231 10.5935 10.1114 10.606 10.2132 9.69373 10.0136 9.99437 10.0256 9.93163 10.3916 10.0885 10.399 9.95863 10.4182 10.6661 9.9109 10.5668 10.2949 10.3184 10.6016 9.84421 10.1297 10.0552 10.5935 10.0652 10.5238 10.4555 10.421 10.4084 10.4551 10.1616 10.0161 9.93662
0 4.75784 6.96075 11.254 5.50887 7.4311 11.0165 10.4802 7.40752 6.15705 7.69445 5.31377 1.76139 9.11621 5.17603 7.91336 7.10003 9.05332 9.81964 1.76799 11.6691 6.76049 3.43639 8.45843 6.46718 999 12.7239 5.32062 7.47547 10.5974 0.60407 10.7763 1.81728 7.60237 0.904268 8.36266 8.87789 6.00833 7.96524 8.03471 5.96091 2.06903 7.82575 5.78778 7.61542 4.53224 1.85348 11.9733 6.20627 10.7195 3.75373 8.59635 4.77636 6.24264 8.29856 4.8232 4.245 5.47215 10.8148 6.4632 5.65321 5.27088 5.82562 5.61421 5.64798 5.80737 5.27584 5.27216 5.83906 5.17851 5.26893 5.45316 5.21115 5.63195 5.64045 5.63079 5.64354 4.98846 5.04292 5.12999 5.5696 5.82744 5.24035 5.40814 4.94468 5.81831 5.04718 5.39077 5.55236 5.3044 5.58644 4.95301 4.91706 4.91039 4.86 5.21314 5.16425 5.58746 4.98532 5.2723 4.89797 5.56331 5.63035 5.03979 5.58919 5.49839 5.54203 5.44661 4.92857 5.42815 4.88878 5.89486 5.33765 5.89518 5.62063 5.41027 5.5679 5.58231 5.2296 5.25288 4.87794
0 14.2473 9.68939 1.47787 7.84256 9.24176 4.80418 8.11296 14.7177 14.351 6.23119 17.0804 11.2802 4.50472 7.79567 5.90425 8.51325 4.05842 6.06515 13.0514 3.83471 13.5465 14.0051 8.52601 13.2903 12.7239 999 8.75374 6.10236 3.69121 13.2425 2.29513 11.4611 7.11642 11.8345 9.41544 4.56508 16.7333 8.5219 5.07847 6.94683 12.2758 7.08769 12.6851 5.30422 14.9747 10.8896 1.28098 10.7029 2.69981 9.32131 15.1376 7.97332 11.3141 14.4611 8.05084 15.9948 8.34152 5.3946 7.41393 17.9559 9.39594 9.44174 9.43321 9.57315 8.8732 9.69181 9.60749 9.47948 9.69517 9.68582 9.38332 9.15268 9.29067 9.00403 8.99728 9.38023 9.73974 9.2286 9.60874 9.20918 8.77296 9.63034 9.59075 9.24598 8.95573 9.53745 9.28772 9.44649 9.11043 9.40255 9.92786 9.18061 9.66638 9.72751 9.14306 9.09135 9.03689 9.65126 9.64162 9.60075 9.12443 9.42541 9.27671 9.32771 9.04563 9.0035 9.66956 9.37232 8.91996 9.77509 8.7974 8.98362 8.68547 9.07949 9.41595 9.10006 9.15002 9.32206 9.05963 9.60214
0 9.20091 2.35104 7.32648 1.13111 2.53805 5.88582 5.2281 11.2265 10.1986 2.70083 10.6065 3.55928 6.76125 4.16923 2.99897 1.90373 4.69864 4.5507 6.59312 6.69813 10.2145 8.19923 8.72078 9.87839 5.32062 8.75374 999 2.68634 8.06381 5.60711 7.43142 5.18792 6.94413 4.50188 9.15736 4.2638 11.0702 8.2778 3.68023 2.29079 3.96274 7.16895 9.0723 5.04194 9.37986 4.09497 8.42594 8.17812 6.25218 1.81838 12.2331 2.52179 8.59398 11.7219 3.85369 9.51064 0.439318 5.59876 5.82388 10.9572 0.732317 1.18001 1.00162 1.16668 0.669876 1.06202 0.968212 1.22578 1.02228 1.05217 0.830909 0.424724 0.872914 0.600852 0.584611 0.971647 1.01022 0.474861 0.908557 0.73743 0.622732 0.978055 1.02462 0.503437 0.745906 0.804699 0.682987 0.968716 0.422858 0.94921 1.20393 0.464643 0.918226 0.976868 0.414402 0.341471 0.579377 0.914218 1.00564 0.848698 0.644868 1.00628 0.523583 0.875047 0.503163 0.501151 1.13122 0.620104 0.300156 1.02978 0.715472 0.295052 0.650431 0.653521 0.837276 0.624181 0.688147 0.627794 0.334317 0.849014
0 10.5339 3.83221 4.71004 1.99123 3.54154 3.58403 4.41862 12.0651 11.2341 0.460109 12.5416 5.78447 4.93632 4.14334 0.470106 2.67226 2.04919 2.71649 8.38117 4.19659 10.9403 9.79029 8.0187 10.614 7.47547 6.10236 2.68634 999 5.97978 7.8781 5.01845 6.79339 6.06935 6.5821 8.66781 1.57747 12.7121 7.67135 1.13442 1.77248 6.49715 6.24591 9.83184 3.48528 10.9377 5.86587 5.89003 8.43007 3.56587 3.73048 12.9057 3.05041 8.96462 12.3116 4.06341 11.4219 2.30534 3.49006 5.26805 13.0949 3.29716 3.35789 3.33499 3.4792 2.77325 3.58966 3.50585 3.39794 3.59488 3.58376 3.28097 3.06706 3.19095 2.90172 2.89492 3.28243 3.64753 3.15773 3.51186 3.10709 2.67203 3.52915 3.48864 3.18832 2.85801 3.44803 3.18662 3.34616 3.01853 3.30279 3.83288 3.13532 3.58313 3.64611 3.0578 3.01529 2.93458 3.56228 3.53975 3.52208 3.02207 3.32779 3.20249 3.22708 2.94486 2.90212 3.56862 3.30547 2.82676 3.68906 2.69999 2.89514 2.58544 2.97732 3.31366 2.9977 3.04779 3.22742 2.97527 3.52555
0 11.1407 9.78096 3.04764 6.94945 9.52093 6.83272 9.63313 11.2517 11.0257 6.33796 14.2536 9.49765 1.48408 5.42333 6.06805 8.64491 4.38427 7.43318 10.4939 6.28427 10.1029 11.137 4.87543 9.87411 10.5974 3.69121 8.06381 5.97978 999 11.1776 1.68363 9.03379 3.7243 9.78491 5.76459 5.0316 13.6641 4.92441 4.87821 5.80504 10.7202 3.63296 9.34495 3.15687 11.9759 8.76216 2.41514 7.29933 4.39932 7.87902 11.5731 6.30657 7.89626 10.8941 5.79155 13.226 7.6264 7.28531 4.39629 15.2927 8.79364 9.08128 8.98339 9.14828 8.44779 9.12277 9.02914 9.12706 9.08601 9.11339 8.85956 8.48735 8.83514 8.51826 8.50606 8.93823 9.05551 8.49615 8.9702 8.71722 8.34282 9.04083 9.0679 8.46941 8.54617 8.8545 8.72526 8.97161 8.48246 8.93818 9.2474 8.37727 8.94034 8.9874 8.47703 8.39237 8.53098 8.95563 9.06658 8.86066 8.61915 8.98177 8.55127 8.8573 8.49928 8.47144 9.16902 8.61102 8.31917 9.05281 8.40305 8.34979 8.27503 8.59464 8.87705 8.59369 8.65663 8.6915 8.3981 8.85342
0 5.0226 7.0863 11.7692 5.89462 7.58593 11.387 10.6922 7.74101 6.47403 8.07273 5.16769 2.09652 9.69507 5.75434 8.3054 7.32069 9.51887 10.1432 2.09402 12.0745 7.16057 3.65575 9.05367 6.87867 0.60407 13.2425 5.60711 7.8781 11.1776 999 11.3241 2.41234 8.20593 1.41428 8.94438 9.3161 6.02917 8.56148 8.4892 6.4226 2.00569 8.42955 6.2301 8.17404 4.678 2.41812 12.5159 6.75637 11.1863 4.14799 8.94206 5.27565 6.76674 8.67886 5.39416 4.14986 5.79666 11.1606 7.064 5.35956 5.48359 6.00533 5.80424 5.82131 6.04773 5.45348 5.45986 6.01431 5.36094 5.44762 5.65691 5.45702 5.83665 5.87609 5.86773 5.83793 5.1764 5.29164 5.3256 5.78655 6.07733 5.42709 5.5907 5.19883 6.04932 5.25669 5.60899 5.74393 5.54892 5.78116 5.11947 5.18212 5.11259 5.05766 5.46004 5.4211 5.82255 5.18456 5.45599 5.10946 5.79004 5.82046 5.28261 5.79201 5.73788 5.7836 5.6184 5.16747 5.68673 5.07843 6.13841 5.59502 6.15046 5.84909 5.61264 5.79709 5.80512 5.4537 5.50713 5.09064
0 11.9922 8.84187 1.36883 6.38606 8.50311 5.24192 8.20811 12.4231 12.0616 5.29741 14.9041 9.4628 2.21045 5.69299 4.99225 7.66698 3.12922 6.00631 10.946 4.62482 11.2515 11.8078 6.30127 10.9953 10.7763 2.29513 7.43142 5.01845 1.68363 11.3241 999 9.38928 4.8238 9.91002 7.18616 3.77915 14.491 6.26386 3.88496 5.33079 10.5726 4.80135 10.3933 3.18308 12.7458 8.92379 1.21758 8.40773 2.77406 7.62775 12.8549 6.14604 9.01901 12.1796 5.99164 13.8332 6.99498 5.73049 5.14513 15.8341 8.13624 8.31997 8.26004 8.41698 7.70196 8.45651 8.36536 8.36311 8.4376 8.4485 8.16728 7.85299 8.11134 7.80135 7.79136 8.21045 8.44164 7.89385 8.33324 8.00746 7.5967 8.38244 8.37938 7.8877 7.79545 8.23611 8.04799 8.25935 7.83043 8.22049 8.63534 7.80652 8.34404 8.39871 7.84278 7.77186 7.82355 8.34522 8.402 8.2695 7.91336 8.25561 7.9468 8.14069 7.8097 7.77466 8.47228 8.02496 7.65077 8.45689 7.64225 7.69755 7.51843 7.879 8.19207 7.88784 7.94623 8.04516 7.75998 8.26623
0 4.02747 7.25069 10.019 4.991 7.61353 10.3747 10.3977 6.30943 5.15895 7.10056 5.78564 2.19317 7.57032 3.69673 7.25877 7.08766 8.06871 9.37154 1.62336 10.8857 5.46879 3.03798 6.64172 5.14732 1.81728 11.4611 5.18792 6.79339 9.03379 2.41234 9.38928 999 5.85427 1.46328 6.55337 8.01202 5.95084 6.14919 7.12081 5.09156 3.29597 6.07082 4.3885 6.20694 4.21304 1.11485 10.6036 4.46579 9.70258 3.38112 7.43114 3.79817 4.57351 7.03275 3.41157 4.66653 5.192 10.2669 4.76366 6.51255 5.38829 6.00902 5.77898 5.86231 5.79765 5.50268 5.46819 6.03548 5.39795 5.49302 5.58575 5.22523 5.74932 5.65719 5.64388 5.79272 5.20596 5.06115 5.31228 5.65199 5.78467 5.44175 5.61026 4.95318 5.8387 5.19233 5.48165 5.71647 5.31579 5.73834 5.23898 4.89121 5.09009 5.05823 5.22362 5.14535 5.6096 5.16794 5.48074 5.04944 5.61445 5.7938 5.0778 5.71539 5.51224 5.54593 5.67917 4.989 5.38326 5.10936 5.86905 5.30358 5.83011 5.66225 5.55028 5.61072 5.64489 5.31357 5.23577 5.02729
0 7.43636 9.1771 6.00041 5.88099 9.1476 8.5822 10.458 7.6037 7.30929 6.52828 10.6375 6.94295 2.61398 2.94532 6.40828 8.27314 5.63945 8.494 7.12159 8.47514 6.43654 7.53403 1.95576 6.18983 7.60237 7.11642 6.94413 6.06935 3.7243 8.20593 4.8238 5.85427 999 6.92425 2.68955 6.07495 9.96072 1.66883 5.38436 4.84232 8.28336 0.24 5.62921 2.74434 8.30241 5.91664 5.93317 3.60169 6.6505 5.94748 8.04329 4.50156 4.20862 7.37098 3.34934 9.64995 6.57854 8.8288 1.23037 11.7522 7.62574 8.12026 7.94476 8.10795 7.53442 7.93361 7.84578 8.16673 7.86013 7.92218 7.76398 7.30837 7.81663 7.52668 7.51101 7.91578 7.75424 7.24253 7.73242 7.68138 7.44545 7.84355 7.93717 7.17272 7.63042 7.58897 7.61251 7.9084 7.34488 7.89198 7.91887 7.06907 7.61344 7.63735 7.29929 7.19532 7.51538 7.65894 7.88042 7.53232 7.58739 7.94996 7.29481 7.819 7.44643 7.43935 8.04507 7.30439 7.24328 7.71103 7.53163 7.23197 7.41255 7.58936 7.76221 7.56558 7.63054 7.51172 7.24064 7.51699
0 5.12103 6.28246 10.3626 4.62494 6.71894 10.1332 9.70289 7.61628 6.4103 6.8104 6.10472 0.989545 8.30114 4.36406 7.02345 6.32674 8.14914 8.96157 2.20629 10.773 6.85134 3.90401 7.9298 6.53854 0.904268 11.8345 4.50188 6.5821 9.78491 1.41428 9.91002 1.46328 6.92425 999 7.91688 7.97527 6.6522 7.43113 7.13061 5.05668 1.84201 7.15405 5.8028 6.76302 5.06092 1.02883 11.1016 5.91308 9.81542 2.87172 8.77224 3.87687 6.03604 8.41223 3.9946 5.01004 4.62404 9.94329 5.7491 6.5247 4.51867 5.10065 4.88092 4.93139 5.02445 4.55906 4.545 5.11853 4.45796 4.55113 4.70783 4.42821 4.88394 4.86309 4.85232 4.90559 4.26465 4.25899 4.39646 4.81034 5.03593 4.51456 4.68468 4.1568 5.04378 4.30065 4.63199 4.81816 4.52184 4.84872 4.2525 4.11969 4.17297 4.1279 4.42923 4.37185 4.81105 4.24992 4.54926 4.15133 4.79484 4.89681 4.26131 4.84344 4.71871 4.76009 4.73389 4.15495 4.63202 4.16457 5.10845 4.54332 5.09855 4.85006 4.66676 4.7971 4.81736 4.46681 4.46203 4.13034
0 6.52271 11.4796 8.4699 8.18968 11.528 11.2699 13.0816 5.75125 5.86803 9.12781 9.98576 8.25146 5.06379 4.98839 9.0335 10.6839 8.32813 11.1629 7.32716 11.1349 4.70703 7.11101 0.89 4.56602 8.36266 9.41544 9.15736 8.66781 5.76459 8.94438 7.18616 6.55337 2.68955 7.91688 999 8.76192 8.91897 1.02083 8.05244 7.27276 9.58319 2.58304 4.30796 5.43173 7.52942 7.04671 8.1601 2.45546 9.2813 7.83379 5.87986 6.63573 2.83641 5.20463 5.31498 9.17358 8.84471 11.5179 3.4321 11.2847 9.77623 10.3317 10.1331 10.2871 9.79494 10.0569 9.97667 10.3762 9.97084 10.0452 9.93803 9.47319 10.0202 9.75699 9.74081 10.1124 9.83587 9.37834 9.8451 9.88514 9.71686 9.96829 10.0864 9.29345 9.8849 9.69747 9.78778 10.0884 9.52535 10.08 9.97754 9.19148 9.69147 9.70269 9.46522 9.35939 9.73666 9.74854 10.0081 9.61475 9.79804 10.1409 9.42596 10.0142 9.65644 9.65826 10.1914 9.41178 9.45582 9.77582 9.8082 9.42775 9.69878 9.81069 9.92807 9.77895 9.84111 9.66374 9.41902 9.59652
0 11.5401 5.17488 3.22851 3.50306 4.77909 2.60017 4.65242 12.7988 12.0833 1.66628 13.7971 7.23923 4.31005 4.87694 1.33933 3.99051 0.655134 2.50338 9.62898 2.88531 11.6395 10.9277 8.00999 11.326 8.87789 4.56508 4.2638 1.57747 5.0316 9.3161 3.77915 8.01202 6.07495 7.97527 8.76192 999 13.831 7.74145 0.904489 2.939 8.03202 6.20434 10.5765 3.33065 12.0408 7.17696 4.48447 8.96022 1.98842 5.18464 13.5376 4.21561 9.5368 12.9103 4.92229 12.6772 3.8793 2.76407 5.55712 14.437 4.86459 4.87854 4.87713 5.01353 4.32049 5.1491 5.06768 4.91577 5.15963 5.14376 4.83774 4.64219 4.73671 4.45822 4.45248 4.82381 5.21941 4.73496 5.08082 4.6612 4.2223 5.09219 5.04219 4.76572 4.40008 5.02143 4.7505 4.89318 4.59149 4.84844 5.40283 4.71195 5.15828 5.22162 4.63303 4.59217 4.49391 5.1357 5.10069 5.09821 4.57986 4.86875 4.77943 4.77518 4.50999 4.46592 5.11705 4.88284 4.39939 5.26334 4.24181 4.46965 4.13335 4.53235 4.87235 4.55607 4.60314 4.79853 4.55082 5.102
0 2.52448 12.9321 15.3863 10.9418 13.3701 16.2778 16.2983 3.9854 3.17101 13.0374 1.74416 7.6415 12.3749 9.09754 13.1808 12.9432 13.7991 15.3202 4.48038 16.7161 4.47395 2.92246 9.55536 4.48201 6.00833 16.7333 11.0702 12.7121 13.6641 6.02917 14.491 5.95084 9.96072 6.6522 8.91897 13.831 999 9.22524 12.9274 10.9721 8.0224 10.0871 4.61112 11.4668 1.79254 6.99167 15.6892 6.59801 15.364 9.29949 4.95331 9.67314 6.10414 5.16954 8.95686 2.06495 11.1165 16.1983 9.35548 3.12519 11.1605 11.7508 11.5293 11.583 11.6391 11.2109 11.1955 11.7695 11.1095 11.2029 11.3523 11.0479 11.5265 11.4847 11.473 11.5524 10.916 10.8792 11.0457 11.4468 11.6402 11.1653 11.3356 10.774 11.6668 10.9459 11.2696 11.4664 11.1411 11.4957 10.9042 10.7266 10.8217 10.778 11.0479 10.9818 11.434 10.899 11.2004 10.7971 11.4248 11.5451 10.8866 11.4872 11.3392 11.378 11.386 10.7851 11.2345 10.816 11.7184 11.1491 11.6953 11.4779 11.3121 11.4251 11.4499 11.1028 11.0729 10.7758
0 6.74759 10.5783 7.51934 7.27699 10.6019 10.2501 12.0799 6.37577 6.30946 8.13145 10.1429 7.66045 4.10308 4.11962 8.02971 9.74676 7.30791 10.1473 7.11961 10.1253 5.26015 7.14463 0.5 5.06709 7.96524 8.5219 8.2778 7.67135 4.92441 8.56148 6.26386 6.14919 1.66883 7.43113 1.02083 7.74145 9.22524 999 7.03651 6.32096 9.0076 1.56952 4.66255 4.41108 7.71078 6.50049 7.28454 2.62732 8.28074 7.04872 6.64871 5.7646 3.15349 5.96977 4.47385 9.25403 7.94754 10.4971 2.48073 11.3781 8.91885 9.45678 9.26495 9.42238 8.90281 9.2093 9.12631 9.50202 9.12693 9.19762 9.07374 8.61008 9.1468 8.87425 8.85818 9.24155 9.00075 8.52401 9.00006 9.01122 8.82108 9.11987 9.23056 8.44352 8.99496 8.85317 8.92256 9.22271 8.6575 9.21174 9.15041 8.34057 8.8569 8.87224 8.60173 8.49606 8.8567 8.9105 9.15888 8.77844 8.92165 9.27194 8.57331 9.14346 8.77975 8.77878 9.33688 8.56661 8.57762 8.94587 8.91107 8.55471 8.7983 8.93096 9.06636 8.90163 8.96489 8.80544 8.55142 8.76106
0 10.6364 4.96533 3.64651 2.78368 4.65903 3.46771 5.12227 11.9239 11.1916 1.45986 12.9064 6.429 3.92319 3.9854 1.19854 3.80001 1.0538 3.11079 8.74026 3.78868 10.7692 10.0257 7.33706 10.4532 8.03471 5.07847 3.68023 1.13442 4.87821 8.4892 3.88496 7.12081 5.38436 7.13061 8.05244 0.904489 12.9274 7.03651 999 2.07509 7.28984 5.53383 9.69751 2.66693 11.137 6.30692 4.7814 8.11971 2.70801 4.38803 12.6822 3.33 8.68826 12.0613 4.02045 11.7872 3.26382 3.5671 4.76366 13.5651 4.34254 4.46092 4.42032 4.57105 3.85771 4.64968 4.56204 4.50256 4.64418 4.6428 4.34795 4.08571 4.27344 3.97262 3.96423 4.36894 4.67585 4.1547 4.55103 4.17962 3.7539 4.5827 4.55885 4.16912 3.94723 4.47181 4.24138 4.42599 4.0487 4.38453 4.86637 4.10252 4.59631 4.65634 4.07589 4.01967 4.00054 4.5849 4.59739 4.52869 4.08974 4.41439 4.20379 4.30653 3.99933 3.95993 4.64511 4.29701 3.86055 4.70632 3.79091 3.91944 3.67105 4.04969 4.37719 4.06466 4.11904 4.26242 3.99222 4.52925
0 8.76621 4.35643 5.4722 1.16004 4.30528 5.30586 6.0074 10.3132 9.46507 2.16342 10.8705 4.38018 4.47404 2.46272 2.24083 3.43385 3.09627 4.47931 6.70126 5.79687 9.19909 8.05392 6.72269 8.87032 5.96091 6.94683 2.29079 1.77248 5.80504 6.4226 5.33079 5.09156 4.84232 5.05668 7.27276 2.939 10.9721 6.32096 2.07509 999 5.32918 5.0519 8.08223 2.75116 9.19094 4.23812 6.4183 6.76506 4.76366 2.37605 11.1787 1.29988 7.27617 10.5969 2.32491 9.75 1.86604 5.25344 3.84376 11.4982 3.02224 3.40071 3.26323 3.43104 2.77792 3.35145 3.25777 3.44789 3.30466 3.34133 3.11344 2.70699 3.12058 2.80855 2.79435 3.22429 3.25941 2.70052 3.18439 2.99204 2.67959 3.26587 3.31362 2.66794 2.87747 3.06167 2.96996 3.24071 2.71364 3.2137 3.4495 2.5741 3.13989 3.18514 2.69679 2.6059 2.81023 3.1591 3.2951 3.05941 2.89335 3.2646 2.75592 3.13438 2.76146 2.74175 3.4191 2.80983 2.56763 3.25176 2.75729 2.58422 2.63164 2.88033 3.12433 2.86888 2.93429 2.91485 2.62166 3.05138
0 6.81162 5.14009 10.8014 4.52912 5.66692 9.84766 8.82755 9.40437 8.17417 6.60698 7.15845 1.35033 9.25205 5.46245 6.87835 5.49739 8.34341 8.49379 3.82158 10.6346 8.678 5.50444 9.5072 8.36895 2.06903 12.2758 3.96274 6.49715 10.7202 2.00569 10.5726 3.29597 8.28336 1.84201 9.58319 8.03202 8.0224 9.0076 7.28984 5.32918 999 8.5213 7.64103 7.5804 6.59755 2.54018 11.709 7.70029 9.9877 2.95949 10.5756 4.4442 7.85542 10.2353 5.05365 6.15432 4.24477 9.55667 7.06154 7.24034 3.68337 4.13752 3.95644 3.94734 4.28516 3.59378 3.61627 4.13971 3.51118 3.58974 3.8357 3.72431 4.0127 4.10877 4.10325 3.99651 3.341 3.57154 3.4991 3.98577 4.33345 3.58274 3.73562 3.49487 4.26834 3.45759 3.81544 3.89995 3.81003 3.94157 3.25064 3.50439 3.30466 3.24328 3.72946 3.71399 4.05564 3.36884 3.60592 3.31922 4.00764 3.97244 3.54998 3.96585 3.98235 4.03096 3.7461 3.431 3.97365 3.24904 4.37989 3.88247 4.41586 4.0684 3.79014 4.01925 4.01481 3.67622 3.79087 3.30346
0 7.56403 9.39319 6.008 6.10052 9.35641 8.69085 10.6229 7.6487 7.39287 6.70386 10.7938 7.18017 2.60017 3.18416 6.57611 8.47943 5.75196 8.63996 7.31936 8.55575 6.48816 7.69665 1.80649 6.25002 7.82575 7.08769 7.16895 6.24591 3.63296 8.42955 4.80135 6.07082 0.24 7.15405 2.58304 6.20434 10.0871 1.56952 5.53383 5.0519 8.5213 999 5.71216 2.87837 8.444 6.14858 5.88728 3.66838 6.71443 6.18564 8.05373 4.73438 4.2692 7.37879 3.58872 9.81566 6.80026 8.95056 1.47031 11.9225 7.85341 8.34392 8.17 8.33358 7.75535 8.16238 8.07425 8.39048 8.08957 8.15097 7.99023 7.53559 8.04108 7.74972 7.73411 8.14056 7.98508 7.47133 7.96188 7.90596 7.66569 8.07233 8.16462 7.40234 7.85168 7.81876 7.83884 8.13418 7.57119 8.1173 8.15053 7.29871 7.84456 7.86897 7.52646 7.42271 7.73903 7.88952 8.10902 7.76332 7.81163 8.17505 7.5238 8.04396 7.67086 7.66323 8.27257 7.5345 7.46778 7.94262 7.75137 7.45751 7.63169 7.81292 7.98892 7.78968 7.85474 7.73942 7.46718 7.74812
