0 0 0 0 0 0 0 0 0 0 0 0 0 0 0 0 0 0 0 0 0 0 0 0 0 0
0 999 0.381207 0.538896 0.634975 0.559788 0.394986 0.161426 0.547725 0.584618 0.274118 0.898293 0.605591 1.21504 1.7642 1.51611 2.02988 1.81978 1.7195 1.61855 1.38751 1.38843 1.55762 1.97299 1.75858 2.19628
0 0.381207 999 0.453925 0.399873 0.179562 0.49093 0.518084 0.172492 0.714702 0.145051 0.772532 0.501959 0.906942 1.45596 1.16924 1.78289 1.5443 1.38067 1.39186 1.17761 1.12459 1.2243 1.63512 1.50807 1.88335
0 0.538896 0.453925 999 0.219324 0.535785 0.230056 0.551733 0.462444 0.359458 0.530322 0.360915 0.0667611 0.765483 1.28954 1.11597 1.50353 1.31243 1.29313 1.08776 0.853884 0.882168 1.12761 1.53703 1.23645 1.71868
0 0.634975 0.399873 0.219324 999 0.404422 0.430677 0.695553 0.3267 0.5784 0.523253 0.391605 0.207906 0.587844 1.13212 0.918966 1.40568 1.18596 1.10779 1.0035 0.782526 0.755764 0.942806 1.35735 1.13195 1.56435
0 0.559788 0.179562 0.535785 0.404422 999 0.631225 0.697355 0.0779026 0.846422 0.303611 0.796014 0.566744 0.803193 1.34124 1.02814 1.70424 1.45068 1.24402 1.33156 1.13288 1.04678 1.09368 1.49729 1.43093 1.76163
0 0.394986 0.49093 0.230056 0.430677 0.631225 999 0.354058 0.572771 0.225565 0.503226 0.543041 0.285507 0.995382 1.51795 1.34329 1.71248 1.53331 1.52281 1.29416 1.05824 1.10551 1.35726 1.76707 1.44993 1.94599
0 0.161426 0.518084 0.551733 0.695553 0.697355 0.354058 999 0.673872 0.493946 0.429028 0.893961 0.616656 1.2834 1.82524 1.60457 2.05486 1.86176 1.80054 1.63821 1.4033 1.43025 1.63633 2.05165 1.78818 2.25701
0 0.547725 0.172492 0.462444 0.3267 0.0779026 0.572771 0.673872 999 0.782791 0.314388 0.718304 0.490842 0.753328 1.2977 0.999774 1.64634 1.39795 1.21284 1.26759 1.06464 0.987579 1.05853 1.46707 1.37221 1.72206
0 0.584618 0.714702 0.359458 0.5784 0.846422 0.225565 0.493946 0.782791 999 0.727277 0.530263 0.381472 1.07965 1.5648 1.44377 1.6923 1.54661 1.60404 1.27571 1.04238 1.13524 1.44043 1.83732 1.44409 1.98172
0 0.274118 0.145051 0.530322 0.523253 0.303611 0.503226 0.429028 0.314388 0.727277 999 0.87414 0.587778 1.0507 1.60033 1.31351 1.92007 1.68542 1.52544 1.52439 1.30569 1.26303 1.36931 1.77986 1.64532 2.02814
0 0.898293 0.772532 0.360915 0.391605 0.796014 0.543041 0.893961 0.718304 0.530263 0.87414 999 0.295275 0.60174 1.04071 0.970576 1.17436 1.01658 1.10396 0.755565 0.519649 0.607798 0.945859 1.32484 0.918327 1.45274
0 0.605591 0.501959 0.0667611 0.207906 0.566744 0.285507 0.616656 0.490842 0.381472 0.587778 0.295275 999 0.716145 1.23265 1.07238 1.43822 1.25017 1.24415 1.02197 0.787746 0.820964 1.07889 1.48561 1.17191 1.66049
0 1.21504 0.906942 0.765483 0.587844 0.803193 0.995382 1.2834 0.753328 1.07965 1.0507 0.60174 0.716145 999 0.551153 0.369668 0.912074 0.648348 0.528027 0.58697 0.469175 0.282065 0.362757 0.772296 0.645238 0.982158
0 1.7642 1.45596 1.28954 1.13212 1.34124 1.51795 1.82524 1.2977 1.5648 1.60033 1.04071 1.23265 0.551153 999 0.397577 0.508523 0.231218 0.247723 0.482588 0.607239 0.434478 0.285299 0.316785 0.362933 0.432252
0 1.51611 1.16924 1.11597 0.918966 1.02814 1.34329 1.60457 0.999774 1.44377 1.31351 0.970576 1.07238 0.369668 0.397577 999 0.893649 0.60393 0.218969 0.726644 0.723363 0.493029 0.117395 0.469476 0.68759 0.758475
0 2.02988 1.78289 1.50353 1.40568 1.70424 1.71248 2.05486 1.64634 1.6923 1.92007 1.17436 1.43822 0.912074 0.508523 0.893649 999 0.290318 0.753553 0.418816 0.654899 0.659064 0.776511 0.713742 0.274831 0.523646
0 1.81978 1.5443 1.31243 1.18596 1.45068 1.53331 1.86176 1.39795 1.54661 1.68542 1.01658 1.25017 0.648348 0.231218 0.60393 0.290318 999 0.478636 0.323568 0.518346 0.431935 0.486631 0.50229 0.157336 0.45899
0 1.7195 1.38067 1.29313 1.10779 1.24402 1.52281 1.80054 1.21284 1.60404 1.52544 1.10396 1.24415 0.528027 0.247723 0.218969 0.753553 0.478636 999 0.691724 0.759078 0.543024 0.165565 0.254485 0.600634 0.543119
0 1.61855 1.39186 1.08776 1.0035 1.33156 1.29416 1.63821 1.26759 1.27571 1.52439 0.755565 1.02197 0.58697 0.482588 0.726644 0.418816 0.323568 0.691724 999 0.236114 0.305025 0.621272 0.795009 0.179662 0.780416
0 1.38751 1.17761 0.853884 0.782526 1.13288 1.05824 1.4033 1.06464 1.04238 1.30569 0.519649 0.787746 0.469175 0.607239 0.723363 0.654899 0.518346 0.759078 0.236114 999 0.230337 0.642165 0.921399 0.402114 0.973521
0 1.38843 1.12459 0.882168 0.755764 1.04678 1.10551 1.43025 0.987579 1.13524 1.26303 0.607798 0.820964 0.282065 0.434478 0.493029 0.659064 0.431935 0.543024 0.305025 0.230337 999 0.414796 0.732259 0.384641 0.846819
0 1.55762 1.2243 1.12761 0.942806 1.09368 1.35726 1.63633 1.05853 1.44043 1.36931 0.945859 1.07889 0.362757 0.285299 0.117395 0.776511 0.486631 0.165565 0.621272 0.642165 0.414796 999 0.415664 0.572251 0.671791
0 1.97299 1.63512 1.53703 1.35735 1.49729 1.76707 2.05165 1.46707 1.83732 1.77986 1.32484 1.48561 0.772296 0.316785 0.469476 0.713742 0.50229 0.254485 0.795009 0.921399 0.732259 0.415664 999 0.655625 0.337614
0 1.75858 1.50807 1.23645 1.13195 1.43093 1.44993 1.78818 1.37221 1.44409 1.64532 0.918327 1.17191 0.645238 0.362933 0.68759 0.274831 0.157336 0.600634 0.179662 0.402114 0.384641 0.572251 0.655625 999 0.604367
0 2.19628 1.88335 1.71868 1.56435 1.76163 1.94599 2.25701 1.72206 1.98172 2.02814 1.45274 1.66049 0.982158 0.432252 0.758475 0.523646 0.45899 0.543119 0.780416 0.973521 0.846819 0.671791 0.337614 0.604367 999