0 0 0 0 0 0 0 0 0 0 0 0 0 0 0 0 0 0 0 0 0 0 0 0 0 0 0 0 0 0 0 0 0 0 0 0 0 0 0 0 0
0 999 0.723401 0.490406 0.182237 1.01071 0.22631 0.92952 0.735986 0.470703 0.459106 0.170838 0.993478 0.752206 0.214608 0.932308 0.845059 0.572021 0.337247 0.486403 0.920696 5.81379 5.54451 5.76725 5.39071 6.06773 5.94631 5.84479 5.41456 5.92687 5.33592 5.43377 6.11501 5.65032 5.98267 5.79407 5.60047 5.37491 5.9678 6.19788 5.74395
0 0.723401 999 0.242466 0.608031 0.528021 0.614542 0.246669 0.0671134 0.720452 0.303626 0.777498 0.354715 0.13622 0.707889 0.485117 0.141942 0.190266 0.743363 0.641632 0.59788 6.28454 6.06274 6.23688 5.85106 6.53521 6.43218 6.30404 5.87967 6.36238 5.79995 5.92187 6.60962 6.14016 6.40748 6.31267 6.07604 5.84409 6.43726 6.69073 6.16466
0 0.490406 0.242466 999 0.402558 0.594483 0.42315 0.440553 0.27413 0.510833 0.178632 0.535062 0.515199 0.316354 0.466343 0.526646 0.354867 0.0889288 0.510584 0.53774 0.582697 6.0843 5.85113 6.03688 5.653 6.33596 6.22839 6.10664 5.68047 6.17095 5.60095 5.71717 6.40387 5.93522 6.21881 6.10113 5.87447 5.64387 6.23745 6.48544 5.97682
0 0.182237 0.608031 0.402558 999 0.979205 0.0526989 0.83655 0.60705 0.573302 0.314719 0.338576 0.917471 0.610865 0.347747 0.905024 0.741861 0.491244 0.466153 0.314535 0.923925 5.99465 5.72664 5.94804 5.57101 6.24848 6.12774 6.02513 5.59509 6.10595 5.51639 5.61521 6.29672 5.83185 6.1611 5.97623 5.78148 5.55561 6.14863 6.37955 5.92204
0 1.01071 0.528021 0.594483 0.979205 999 1.00873 0.355166 0.589574 0.721621 0.758461 0.971952 0.25242 0.655067 0.879344 0.079848 0.428154 0.510341 0.834935 1.12449 0.197138 6.03657 5.8582 5.98828 5.59746 6.28302 6.19612 6.0465 5.62976 6.08574 5.54974 5.6911 6.38015 5.9094 6.12243 6.1068 5.83348 5.5978 6.18728 6.45925 5.87802
0 0.22631 0.614542 0.42315 0.0526989 1.00873 999 0.849166 0.60778 0.625228 0.31394 0.388057 0.935076 0.605607 0.40019 0.93596 0.751617 0.512031 0.518842 0.263504 0.961424 6.04007 5.76952 5.99353 5.61702 6.29402 6.17237 6.0711 5.64087 6.15294 5.56223 5.65984 6.34085 5.87633 6.20852 6.01903 5.82671 5.60121 6.19409 6.42376 5.96965
0 0.92952 0.246669 0.440553 0.83655 0.355166 0.849166 999 0.28632 0.814506 0.545339 0.952879 0.120777 0.338218 0.87147 0.346357 0.105782 0.357645 0.876936 0.88808 0.494217 6.30995 6.10973 6.26193 5.87323 6.55861 6.46378 6.3245 5.90377 6.37279 5.82383 5.95575 6.64468 6.17423 6.41338 6.35921 6.10407 5.87002 6.46174 6.72482 6.16954
0 0.735986 0.0671134 0.27413 0.60705 0.589574 0.60778 0.28632 999 0.770339 0.293886 0.803584 0.40165 0.0691366 0.739177 0.549566 0.181327 0.239466 0.783558 0.607693 0.664661 6.33967 6.11432 6.29207 5.90676 6.59062 6.48631 6.35993 5.93506 6.41973 5.85539 5.9757 6.66316 6.19393 6.46545 6.36428 6.13079 5.8992 6.49252 6.74442 6.22279
0 0.470703 0.720452 0.510833 0.573302 0.721621 0.625228 0.814506 0.770339 999 0.631423 0.3371 0.82019 0.822481 0.258748 0.64468 0.776484 0.531421 0.148565 0.870877 0.56564 5.57365 5.34404 5.5262 5.14219 5.82522 5.71833 5.59581 5.16972 5.6605 5.09018 5.20731 5.89433 5.42544 5.70883 5.59401 5.36399 5.1332 5.72676 5.97577 5.46704
0 0.459106 0.303626 0.178632 0.314719 0.758461 0.31394 0.545339 0.293886 0.631423 999 0.557939 0.641642 0.296783 0.514202 0.695263 0.443816 0.250327 0.592574 0.366068 0.76021 6.18592 5.93926 6.13877 5.75719 6.43849 6.32597 6.21124 5.78344 6.28145 5.70417 5.81399 6.49905 6.03162 6.33185 6.18922 5.97474 5.74576 6.33944 6.58114 6.09074
0 0.170838 0.777498 0.535062 0.338576 0.971952 0.388057 0.952879 0.803584 0.3371 0.557939 999 0.997897 0.832683 0.0932907 0.892114 0.88172 0.602296 0.190181 0.651357 0.853036 5.66047 5.39888 5.61374 5.2357 5.91406 5.79533 5.68987 5.26022 5.76897 5.18138 5.28287 5.96552 5.49982 5.82357 5.64865 5.44774 5.22111 5.81437 6.04814 5.58428
0 0.993478 0.354715 0.515199 0.917471 0.25242 0.935076 0.120777 0.40165 0.82019 0.641642 0.997897 999 0.457 0.911573 0.263926 0.220723 0.427205 0.900913 0.994328 0.41825 6.25943 6.06922 6.21127 5.8215 6.50708 6.41598 6.27177 5.85288 6.31562 5.77288 5.90926 6.59837 6.12769 6.35426 6.31836 6.05483 5.81997 6.41073 6.67804 6.1101
0 0.752206 0.13622 0.316354 0.610865 0.655067 0.605607 0.338218 0.0691366 0.822481 0.296783 0.832683 0.457 999 0.773733 0.617181 0.236953 0.296104 0.826427 0.576129 0.733712 6.39501 6.16586 6.34748 5.96271 6.64625 6.54056 6.41608 5.9907 6.47745 5.91108 6.02966 6.71678 6.24781 6.52384 6.41585 6.18573 5.95454 6.54798 6.79819 6.28137
0 0.214608 0.707889 0.466343 0.347747 0.879344 0.40019 0.87147 0.739177 0.258748 0.514202 0.0932907 0.911573 0.773733 999 0.799497 0.80482 0.526699 0.123308 0.661 0.75992 5.68012 5.42712 5.63317 5.25333 5.93323 5.81773 5.70751 5.2787 5.78256 5.19964 5.30548 5.98956 5.52284 5.83537 5.67703 5.46816 5.2403 5.83386 6.07189 5.59528
0 0.932308 0.485117 0.526646 0.905024 0.079848 0.93596 0.346357 0.549566 0.64468 0.695263 0.892114 0.263926 0.617181 0.799497 999 0.402267 0.445275 0.755851 1.06103 0.154501 5.99956 5.8147 5.95135 5.56116 6.24676 6.15735 6.011 5.59289 6.05336 5.51289 5.65134 6.34046 5.86973 6.09148 6.06359 5.79556 5.56036 6.15064 6.41988 5.84726
0 0.845059 0.141942 0.354867 0.741861 0.428154 0.751617 0.105782 0.181327 0.776484 0.443816 0.88172 0.220723 0.236953 0.80482 0.402267 999 0.279484 0.822913 0.782602 0.537282 6.30918 6.0996 6.2613 5.87377 6.55875 6.46037 6.32586 5.90348 6.37847 5.82362 5.95126 6.63981 6.1697 6.421 6.34932 6.10213 5.86893 6.4614 6.72038 6.17755
0 0.572021 0.190266 0.0889288 0.491244 0.510341 0.512031 0.357645 0.239466 0.531421 0.250327 0.602296 0.427205 0.296104 0.526699 0.445275 0.279484 999 0.554453 0.615771 0.514141 6.10044 5.87509 6.05285 5.66771 6.35147 6.24688 6.12096 5.69591 6.18159 5.61626 5.73624 6.4237 5.95447 6.22781 6.12504 5.89147 5.65996 6.25332 6.50495 5.98531
0 0.337247 0.743363 0.510584 0.466153 0.834935 0.518842 0.876936 0.783558 0.148565 0.592574 0.190181 0.900913 0.826427 0.123308 0.755851 0.822913 0.554453 999 0.776545 0.694797 5.59334 5.34918 5.5462 5.16474 5.84593 5.73362 5.61881 5.1909 5.69012 5.11165 5.22172 5.90707 5.43942 5.74136 5.59918 5.38219 5.15319 5.74687 5.98907 5.50063
0 0.486403 0.641632 0.53774 0.314535 1.12449 0.263504 0.88808 0.607693 0.870877 0.366068 0.651357 0.994328 0.576129 0.661 1.06103 0.782602 0.615771 0.776545 999 1.11899 6.29551 6.01845 6.24912 5.87383 6.5497 6.42587 6.32779 5.89716 6.41181 5.81869 5.91336 6.59305 6.12948 6.46821 6.2677 6.0817 5.85707 6.44959 6.67616 6.22973
0 0.920696 0.59788 0.582697 0.923925 0.197138 0.961424 0.494217 0.664661 0.56564 0.76021 0.853036 0.41825 0.733712 0.75992 0.154501 0.537282 0.514141 0.694797 1.11899 999 5.84619 5.66381 5.79796 5.4076 6.0932 6.0045 5.85726 5.43947 5.8991 5.35946 5.49882 6.18793 5.71719 5.93708 5.91256 5.64244 5.40709 5.99717 6.26724 5.69284
0 5.81379 6.28454 6.0843 5.99465 6.03657 6.04007 6.30995 6.33967 5.57365 6.18592 5.66047 6.25943 6.39501 5.68012 5.99956 6.30918 6.10044 5.59334 6.29551 5.84619 999 0.58689 0.0487086 0.442503 0.255182 0.220699 0.128171 0.406905 0.392573 0.486915 0.416382 0.416748 0.260965 0.516015 0.54855 0.217543 0.440477 0.154188 0.470931 0.535517
0 5.54451 6.06274 5.85113 5.72664 5.8582 5.76952 6.10973 6.11432 5.34404 5.93926 5.39888 6.06922 6.16586 5.42712 5.8147 6.0996 5.87509 5.34918 6.01845 5.66381 0.58689 999 0.578003 0.64712 0.76445 0.536254 0.7107 0.594322 0.971397 0.626417 0.355748 0.624363 0.332824 1.09563 0.250007 0.473543 0.563972 0.682646 0.707895 1.05475
0 5.76725 6.23688 6.03688 5.94804 5.98828 5.99353 6.26193 6.29207 5.5262 6.13877 5.61374 6.21127 6.34748 5.63317 5.95135 6.2613 6.05285 5.5462 6.24912 5.79796 0.0487086 0.578003 999 0.393798 0.300664 0.261287 0.134168 0.358531 0.39376 0.43855 0.380553 0.4603 0.246267 0.518024 0.56094 0.176096 0.393038 0.200686 0.51707 0.515098
0 5.39071 5.85106 5.653 5.57101 5.59746 5.61702 5.87323 5.90676 5.14219 5.75719 5.2357 5.8215 5.96271 5.25333 5.56116 5.87377 5.66771 5.16474 5.87383 5.4076 0.442503 0.64712 0.393798 999 0.685601 0.631911 0.454194 0.0548574 0.583853 0.0646281 0.292362 0.83241 0.414918 0.681699 0.771049 0.268922 0.0900592 0.590309 0.899166 0.520646
0 6.06773 6.53521 6.33596 6.24848 6.28302 6.29402 6.55861 6.59062 5.82522 6.43849 5.91406 6.50708 6.64625 5.93323 6.24676 6.55875 6.35147 5.84593 6.5497 6.0932 0.255182 0.76445 0.300664 0.685601 999 0.238958 0.245064 0.655563 0.385276 0.735266 0.664224 0.323565 0.477876 0.480159 0.646015 0.472225 0.69296 0.101528 0.33108 0.610328
0 5.94631 6.43218 6.22839 6.12774 6.19612 6.17237 6.46378 6.48631 5.71833 6.32597 5.79533 6.41598 6.54056 5.81773 6.15735 6.46037 6.24688 5.73362 6.42587 6.0045 0.220699 0.536254 0.261287 0.631911 0.238958 999 0.319279 0.587514 0.558599 0.66484 0.512538 0.201555 0.297679 0.672933 0.407829 0.369507 0.60791 0.187549 0.268342 0.740332
0 5.84479 6.30404 6.10664 6.02513 6.0465 6.0711 6.3245 6.35993 5.59581 6.21124 5.68987 6.27177 6.41608 5.70751 6.011 6.32586 6.12096 5.61881 6.32779 5.85726 0.128171 0.7107 0.134168 0.454194 0.245064 0.319279 999 0.432197 0.264469 0.509508 0.503505 0.496284 0.380058 0.388133 0.675547 0.294705 0.477001 0.170851 0.534735 0.421092
0 5.41456 5.87967 5.68047 5.59509 5.62976 5.64087 5.90377 5.93506 5.16972 5.78344 5.26022 5.85288 5.9907 5.2787 5.59289 5.90348 5.69591 5.1909 5.89716 5.43947 0.406905 0.594322 0.358531 0.0548574 0.655563 0.587514 0.432197 999 0.585484 0.0800191 0.240995 0.78689 0.361333 0.689572 0.716253 0.220362 0.0559895 0.557975 0.855582 0.545076
0 5.92687 6.36238 6.17095 6.10595 6.08574 6.15294 6.37279 6.41973 5.6605 6.28145 5.76897 6.31562 6.47745 5.78256 6.05336 6.37847 6.18159 5.69012 6.41181 5.8991 0.392573 0.971397 0.39376 0.583853 0.385276 0.558599 0.264469 0.585484 999 0.648006 0.727668 0.701776 0.638802 0.124268 0.937549 0.525611 0.639893 0.375635 0.716301 0.244693
0 5.33592 5.79995 5.60095 5.51639 5.54974 5.56223 5.82383 5.85539 5.09018 5.70417 5.18138 5.77288 5.91108 5.19964 5.51289 5.82362 5.61626 5.11165 5.81869 5.35946 0.486915 0.626417 0.43855 0.0646281 0.735266 0.66484 0.509508 0.0800191 0.648006 999 0.271542 0.863201 0.425655 0.746326 0.769547 0.295873 0.0665906 0.637915 0.933138 0.582628
0 5.43377 5.92187 5.71717 5.61521 5.6911 5.65984 5.95575 5.9757 5.20731 5.81399 5.28287 5.90926 6.02966 5.30548 5.65134 5.95126 5.73624 5.22172 5.91336 5.49882 0.416382 0.355748 0.380553 0.292362 0.664224 0.512538 0.503505 0.240995 0.727668 0.271542 999 0.689123 0.218475 0.846039 0.509496 0.208845 0.208249 0.563416 0.76913 0.749401
0 6.11501 6.60962 6.40387 6.29672 6.38015 6.34085 6.64468 6.66316 5.89433 6.49905 5.96552 6.59837 6.71678 5.98956 6.34046 6.63981 6.4237 5.90707 6.59305 6.18793 0.416748 0.624363 0.4603 0.83241 0.323565 0.201555 0.496284 0.78689 0.701776 0.863201 0.689123 999 0.470751 0.802818 0.422545 0.567329 0.804449 0.333634 0.0847781 0.909473
0 5.65032 6.14016 5.93522 5.83185 5.9094 5.87633 6.17423 6.19393 5.42544 6.03162 5.49982 6.12769 6.24781 5.52284 5.86973 6.1697 5.95447 5.43942 6.12948 5.71719 0.260965 0.332824 0.246267 0.414918 0.477876 0.297679 0.380058 0.361333 0.638802 0.425655 0.218475 0.470751 999 0.762984 0.366839 0.165337 0.360396 0.38254 0.550682 0.731341
0 5.98267 6.40748 6.21881 6.1611 6.12243 6.20852 6.41338 6.46545 5.70883 6.33185 5.82357 6.35426 6.52384 5.83537 6.09148 6.421 6.22781 5.74136 6.46821 5.93708 0.516015 1.09563 0.518024 0.681699 0.480159 0.672933 0.388133 0.689572 0.124268 0.746326 0.846039 0.802818 0.762984 999 1.05879 0.646775 0.745038 0.486723 0.808673 0.244753
0 5.79407 6.31267 6.10113 5.97623 6.1068 6.01903 6.35921 6.36428 5.59401 6.18922 5.64865 6.31836 6.41585 5.67703 6.06359 6.34932 6.12504 5.59918 6.2677 5.91256 0.54855 0.250007 0.56094 0.771049 0.646015 0.407829 0.675547 0.716253 0.937549 0.769547 0.509496 0.422545 0.366839 1.05879 999 0.532018 0.703013 0.589009 0.499569 1.07494
0 5.60047 6.07604 5.87447 5.78148 5.83348 5.82671 6.10407 6.13079 5.36399 5.97474 5.44774 6.05483 6.18573 5.46816 5.79556 6.10213 5.89147 5.38219 6.0817 5.64244 0.217543 0.473543 0.176096 0.268922 0.472225 0.369507 0.294705 0.220362 0.525611 0.295873 0.208845 0.567329 0.165337 0.646775 0.532018 999 0.238561 0.370786 0.637833 0.581408
0 5.37491 5.84409 5.64387 5.55561 5.5978 5.60121 5.87002 5.8992 5.1332 5.74576 5.22111 5.81997 5.95454 5.2403 5.56036 5.86893 5.65996 5.15319 5.85707 5.40709 0.440477 0.563972 0.393038 0.0900592 0.69296 0.60791 0.477001 0.0559895 0.639893 0.0665906 0.208249 0.804449 0.360396 0.745038 0.703013 0.238561 999 0.593693 0.876152 0.600233
0 5.9678 6.43726 6.23745 6.14863 6.18728 6.19409 6.46174 6.49252 5.72676 6.33944 5.81437 6.41073 6.54798 5.83386 6.15064 6.4614 6.25332 5.74687 6.44959 5.99717 0.154188 0.682646 0.200686 0.590309 0.101528 0.187549 0.170851 0.557975 0.375635 0.637915 0.563416 0.333634 0.38254 0.486723 0.589009 0.370786 0.593693 999 0.3653 0.575855
0 6.19788 6.69073 6.48544 6.37955 6.45925 6.42376 6.72482 6.74442 5.97577 6.58114 6.04814 6.67804 6.79819 6.07189 6.41988 6.72038 6.50495 5.98907 6.67616 6.26724 0.470931 0.707895 0.51707 0.899166 0.33108 0.268342 0.534735 0.855582 0.716301 0.933138 0.76913 0.0847781 0.550682 0.808673 0.499569 0.637833 0.876152 0.3653 999 0.936061
0 5.74395 6.16466 5.97682 5.92204 5.87802 5.96965 6.16954 6.22279 5.46704 6.09074 5.58428 6.1101 6.28137 5.59528 5.84726 6.17755 5.98531 5.50063 6.22973 5.69284 0.535517 1.05475 0.515098 0.520646 0.610328 0.740332 0.421092 0.545076 0.244693 0.582628 0.749401 0.909473 0.731341 0.244753 1.07494 0.581408 0.600233 0.575855 0.936061 999