0 0 0 0 0 0 0 0 0 0 0 0 0 0 0 0 0 0 0 0 0 0 0 0 0 0
0 999 0.846729 0.669952 0.905841 0.230415 0.358013 0.392772 0.536703 0.216517 0.804519 1.11219 1.12488 4.55 7.55008 8.25989 2.92628 1.4256 7.86314 1.02107 5.58374 9.53395 8.09043 4.08211 4.86335 3.80704
0 0.846729 999 0.369424 0.283339 0.644965 0.612704 0.486903 0.350868 0.700003 0.176721 0.286227 0.3129 4.927 8.37847 8.98604 2.11078 2.0409 8.43976 1.8672 6.0108 10.3524 8.87733 4.5925 5.70856 4.64978
0 0.669952 0.369424 999 0.252684 0.439537 0.606127 0.463328 0.420702 0.466911 0.21324 0.641123 0.518322 4.56289 8.09211 8.64021 2.27422 1.68729 8.47766 1.66139 5.64387 10.1955 8.55632 4.22315 5.49345 4.44673
0 0.905841 0.283339 0.252684 999 0.677501 0.774266 0.630425 0.534648 0.712494 0.137793 0.473726 0.278604 4.69398 8.34108 8.86212 2.02544 1.90745 8.6515 1.90981 5.78588 10.4389 8.79461 4.3938 5.74483 4.69671
0 0.230415 0.644965 0.439537 0.677501 999 0.330338 0.271532 0.385394 0.0668437 0.582221 0.92279 0.906224 4.54337 7.73428 8.38666 2.70101 1.48709 8.07346 1.23778 5.59552 9.76136 8.24754 4.11896 5.07893 4.02596
0 0.358013 0.612704 0.606127 0.774266 0.330338 999 0.145121 0.261837 0.387998 0.643497 0.834537 0.922398 4.86614 7.87177 8.6155 2.72273 1.774 7.88055 1.30883 5.91217 9.74522 8.43436 4.42341 5.13128 4.06657
0 0.392772 0.486903 0.463328 0.630425 0.271532 0.145121 999 0.146733 0.337903 0.501441 0.730963 0.790753 4.80847 7.94145 8.64009 2.59654 1.75684 8.02563 1.39582 5.86417 9.86553 8.48166 4.39035 5.2313 4.16966
0 0.536703 0.350868 0.420702 0.534648 0.385394 0.261837 0.146733 999 0.451561 0.398349 0.584702 0.661224 4.88306 8.08663 8.7707 2.46116 1.86844 8.11849 1.5425 5.94701 10.0047 8.62127 4.48643 5.37709 4.31487
0 0.216517 0.700003 0.466911 0.712494 0.0668437 0.387998 0.337903 0.451561 999 0.625834 0.980628 0.951283 4.48082 7.6785 8.32175 2.73792 1.42025 8.0778 1.19755 5.53136 9.72869 8.18619 4.05304 5.03579 3.98521
0 0.804519 0.176721 0.21324 0.137793 0.582221 0.643497 0.501441 0.398349 0.625834 999 0.429825 0.325627 4.75379 8.28873 8.85292 2.12203 1.90045 8.51658 1.82 5.83959 10.3371 8.76395 4.42878 5.66076 4.60817
0 1.11219 0.286227 0.641123 0.473726 0.92279 0.834537 0.730963 0.584702 0.980628 0.429825 999 0.287323 5.16751 8.65647 9.27152 1.91444 2.32395 8.54062 2.12635 6.25832 10.5746 9.16262 4.85679 5.96167 4.89888
0 1.12488 0.3129 0.518322 0.278604 0.906224 0.922398 0.790753 0.661224 0.951283 0.325627 0.287323 999 4.93242 8.6096 9.14041 1.80773 2.18589 8.74473 2.14346 6.03023 10.6512 9.07161 4.65515 5.98514 4.93124
0 4.55 4.927 4.56289 4.69398 4.54337 4.86614 4.80847 4.88306 4.48082 4.75379 5.16751 4.93242 999 6.24021 5.2891 5.76439 3.1868 10.7526 4.32926 1.11826 10.1052 5.87793 0.930376 5.53592 5.08665
0 7.55008 8.37847 8.09211 8.34108 7.73428 7.87177 7.94145 8.08663 7.6785 8.28873 8.65647 8.6096 6.24021 999 2.81169 10.2641 6.55076 7.93036 6.5718 5.90712 4.56887 1.48529 5.48075 3.18939 4.13011
0 8.25989 8.98604 8.64021 8.86212 8.38666 8.6155 8.64009 8.7707 8.32175 8.85292 9.27152 9.14041 5.2891 2.81169 999 10.5164 6.95486 10.5531 7.45035 4.50632 7.31816 1.39014 4.88109 5.19602 5.7925
0 2.92628 2.11078 2.27422 2.02544 2.70101 2.72273 2.59654 2.46116 2.73792 2.12203 1.91444 1.80773 5.76439 10.2641 10.5164 999 3.71711 10.3719 3.93514 6.87884 12.4585 10.5996 5.75404 7.7646 6.72079
0 1.4256 2.0409 1.68729 1.90745 1.48709 1.774 1.75684 1.86844 1.42025 1.90045 2.32395 2.18589 3.1868 6.55076 6.95486 3.71711 999 8.30976 1.22025 4.18325 9.13456 6.91271 2.66047 4.27735 3.33726
0 7.86314 8.43976 8.47766 8.6515 8.07346 7.88055 8.02563 8.11849 8.0778 8.51658 8.54062 8.74473 10.7526 7.93036 10.5531 10.3719 8.30976 999 7.19701 11.2643 5.30634 9.38433 9.85318 5.65293 5.71349
0 1.02107 1.8672 1.66139 1.90981 1.23778 1.30883 1.39582 1.5425 1.19755 1.82 2.12635 2.14346 4.32926 6.5718 7.45035 3.93514 1.22025 7.19701 999 5.25709 8.54029 7.18361 3.68696 3.84241 2.78821
0 5.58374 6.0108 5.64387 5.78588 5.59552 5.91217 5.86417 5.94701 5.53136 5.83959 6.25832 6.03023 1.11826 5.90712 4.50632 6.87884 4.18325 11.2643 5.25709 999 10.0763 5.29909 1.57889 5.80539 5.55079
0 9.53395 10.3524 10.1955 10.4389 9.76136 9.74522 9.86553 10.0047 9.72869 10.3371 10.5746 10.6512 10.1052 4.56887 7.31816 12.4585 9.13456 5.30634 8.54029 10.0763 999 5.93034 9.21012 4.87483 5.81023
0 8.09043 8.87733 8.55632 8.79461 8.24754 8.43436 8.48166 8.62127 8.18619 8.76395 9.16262 9.07161 5.87793 1.48529 1.39014 10.5996 6.91271 9.38433 7.18361 5.29909 5.93034 999 5.27944 4.3195 5.10064
0 4.08211 4.5925 4.22315 4.3938 4.11896 4.42341 4.39035 4.48643 4.05304 4.42878 4.85679 4.65515 0.930376 5.48075 4.88109 5.75404 2.66047 9.85318 3.68696 1.57889 9.21012 5.27944 999 4.60626 4.16869
0 4.86335 5.70856 5.49345 5.74483 5.07893 5.13128 5.2313 5.37709 5.03579 5.66076 5.96167 5.98514 5.53592 3.18939 5.19602 7.7646 4.27735 5.65293 3.84241 5.80539 4.87483 4.3195 4.60626 999 1.07201
0 3.80704 4.64978 4.44673 4.69671 4.02596 4.06657 4.16966 4.31487 3.98521 4.60817 4.89888 4.93124 5.08665 4.13011 5.7925 6.72079 3.33726 5.71349 2.78821 5.55079 5.81023 5.10064 4.16869 1.07201 999